0                         293.2428768998463        535.8536531155775        293.17515147678284       293.17770675192116       293.1533631300915
0.5                       418.7140246165498        745.5305693152771        321.97169422732287       322.1929402834536        302.7378346479266
1                         509.6946372014534        733.4554153446355        373.7390446384301        377.38830715447057       327.07330910449724
1.5                       556.4888596594893        716.9769010734259        411.86314198972207       421.020559855315         349.63213468746375
2                         579.4843739825016        697.7192552497661        437.08129991370544       451.94223140528425       367.3782539417361
2.5                       587.4963831462691        677.3752094829689        452.7221392920938        472.7453615953647        380.6551378204041
3                         586.7151201074507        657.5167515825134        462.03956990064546       486.31248185817685       390.3747828484241
3.5                       582.0811523605671        639.4630898514926        467.8263354158191        495.290098790602         397.5408283747892
4                         575.7597423547456        623.671540863857         471.4968354867961        501.23555113632176       402.9025975137706
4.5                       568.8861642251939        610.1007446200191        473.7921143244991        505.08612711732354       406.9565834647605
5                         562.2941284383126        598.1743684352253        475.33711541759465       507.7548281719315        410.21928169556764
5.5                       555.9010942609822        587.9364199641814        476.07188928223474       509.1570774806186        412.64364910236213
6                         549.8421352594308        578.9530363482438        476.22627251429594       509.6650452966918        414.4509219008653
6.5                       544.1499535355707        571.1191768469091        475.8559099004767        509.36883621938546       415.6946626753425
7                         538.7898064543675        564.2227263771665        475.0675240505762        508.4338422329789        416.4762419530122
7.5                       533.770377258269         557.6015392798046        474.2008242376059        507.39560626944177       417.1199953529359
8                         529.0871538557203        551.5996876978069        473.07928661680376       505.97584302749755       417.45738767452167
8.5                       524.7401362467215        546.2171716311734        471.7029111881698        504.17455250714636       417.4884189177694
9                         520.7293244312725        541.4539910799042        470.07169795170415       501.99173470838826       417.213089082679
9.5                       516.8616977876875        536.831797136001         468.4282726098872        499.80371819391917       416.869281776388
10                        513.1827978923601        532.4634521617659        466.7153896887996        497.5217114354687        416.40087038209936
10.5                      509.7446363272737        528.4778526617673        464.8676709583561        495.04430846034694       415.7437544807645
11                        506.54721309242825       524.8749986360052        462.88511641855666       492.37150926855384       414.89793407238335
11.5                      503.5592664971443        521.5934820012716        460.7963831211736        489.5480245575122        413.89391008692445
12                        500.523246873572         518.1273918138606        458.8375623973263        486.9422037357249        412.9829646595419
12.5                      497.6189497792922        514.8299047676861        456.8438387655079        484.296901888818         411.98967760050164
13                        494.8463752143048        511.70102086274807       454.8152122257185        481.61211901679127       410.9140489098039
13.5                      492.20552317860984       508.74074009904643       452.7516827779579        478.88785511964494       409.75607858744854
14                        489.6155485677565        505.83294716709          450.71089144492953       476.2087714190358        408.5843225906996
14.5                      487.0251740968829        502.9039940971958        448.72939795601906       473.6285656324591        407.4422636186457
15                        484.5020918276239        500.0511048924774        446.75893915802703       471.0763504418336        406.2724993818581
15.5                      482.0463017599796        497.2742795529346        444.79951505095346       468.5521258471597        405.075029880337
16                        479.6578038939499        494.5735180785677        442.85112563479845       466.05589184843706       403.84985511408235
16.5                      477.25425091002967       491.86015075248076       440.94739433444505       463.6238447554802        402.66538048214227
17                        474.87207111193464       489.17340274189087       439.0734470247734        461.2399722660645        401.49134522232924
17.5                      472.52227882941827       486.5251340260529        437.22478641927415       458.8994329585803        400.3185998003712
18                        470.2048740624803        483.9153446049669        435.40141251794716       456.60222683302743       399.14714421626826
18.5                      467.91985681112095       481.3440344786327        433.6033253207926        454.34835388940604       397.9769784700203
19                        465.66722707534024       478.81120364705055       431.8305248278102        452.13781412771624       396.8081025616274
19.5                      463.44698485513794       476.3168521102203        430.08301103900016       449.97060754795785       395.6405164910894
20                        461.25913015051424       473.860979868142         428.36078395436243       447.84673415013077       394.4742202584066
20.5                      459.10366296146924       471.44358692081556       426.66384357389705       445.7661939342354        393.30921386357875
21                        456.9737226846103        469.05964759605246       424.98803184787664       443.71109428033617       392.1604479892441
21.5                      454.86970227202175       466.7094497473033        423.3335869352809        441.6824600169925        391.02706631103
22                        452.79574284441793       464.39602691462494       421.7030186715975        439.6910912874012        389.90004446503787
22.5                      450.75184440179925       462.1193790980175        420.0963270568263        437.7369880915626        388.7793824512679
23                        448.7380069441654        459.8795062974809        418.51351209096725       435.8201504294765        387.66508026972
23.5                      446.7542304715165        457.67640851301525       416.95457377402056       433.9405783011431        386.55713792039415
24                        444.8005149838527        455.51008574462054       415.419512105986         432.09827170656223       385.4555554032903
24.5                      442.87686048117365       453.38053799229675       413.9083270868638        430.2932306457339        384.3603327184086
25                        440.9832669634797        451.287765256044         412.42101871665375       428.5254551186583        383.2714698657489
25.5                      439.1130224552877        449.22281715337726       410.95296312259825       426.7824768718198        382.19595078539913
26                        437.25685411314214       447.1733283984191        409.49777225272175       425.0470705498355        381.14342405001906
26.5                      435.4265955715684        445.15507907789004       408.06359828523875       423.3412184670996        380.101576534396
27                        433.62224683056627       443.1680691917903        406.6504412201493        421.66492062361226       379.0704082385298
27.5                      431.84380789013596       441.21229874011965       405.2583010574533        420.01817701937324       378.04991916242057
28                        430.09127875027735       439.2877677228782        403.8871777971509        418.40098765438273       377.04010930606825
28.5                      428.3646594109906        437.39447614006593       402.537071439242         416.8133525286408        376.0409786694729
29                        426.66394987227557       435.5324239916827        401.20798198372665       415.25527164214714       375.0525272526345
29.5                      424.9891501341322        433.7016112777289        399.8999094306049        413.72674499490194       374.074755055553
30                        423.34026019656073       431.90203799820415       398.61285377987656       412.2277725869052        373.10766207822854
30.5                      421.7128814933324        430.126444889931         397.3422279637459        410.7485270646236        372.1531363877305
31                        420.1010672002133        428.36501749066304       396.08183030545837       409.2757219294308        371.2137306347234
31.5                      418.51263672289883       426.6306607155225        394.8398153131391        407.8268274341778        370.2860883703939
32                        416.94759006138906       424.92337456450906       393.6161829867881        406.4018435788646        369.37020959474194
32.5                      415.405927215684         423.2431590376231        392.41093332640537       405.0007703634913        368.46609430776755
33                        413.8876481857837        421.5900141348644        391.224066331991         403.62360778805777       367.5737425094708
33.5                      412.3927529716881        419.9639398562331        390.055582003545         402.2703558525641        366.69315419985156
34                        410.9212415733971        418.3649362017291        388.90548034106706       400.9410145570102        365.82432937890997
34.5                      409.4731139909109        416.7930031713524        387.7737613445576        399.63558390139616       364.967268046646
35                        408.04837022422936       415.24814076510296       386.6604250140164        398.3540638857218        364.1219702030595
35.5                      406.6420899985201        413.72342807877504       385.5609185340525        397.0885908411722        363.2875390724506
36                        405.24762114394105       412.2095081085825        384.4690865368721        395.82853315420516       362.4627622216786
36.5                      403.87371051641094       410.7186842631713        383.39302263952015       394.5878702020833        361.64923386409697
37                        402.5203581159298        409.2509565425415        382.3327268419967        393.3666019848066        360.84695399970576
37.5                      401.18756394249755       407.8063249466932        381.28819914430164       392.1647285023751        360.0559226285048
38                        399.87532799611427       406.3847894756262        380.259439546435         390.9822497547887        359.2761397504943
38.5                      398.58365027678          404.98635012934074       379.24644804839676       389.8191657420476        358.5076053656741
39                        397.31253078449464       403.6110069078365        378.24922465018705       388.67547646415153       357.75031947404426
39.5                      396.0619695192583        402.2587598111137        377.2677693518057        387.5511819211006        357.0042820756048
40                        394.8319664810709        400.9296088391724        376.3020821532528        386.44628211289495       356.2694931703557
40.5                      393.6175654708399        399.6174306261002        375.3482020765546        385.3549242430415        355.543934690696
41                        392.4120657494285        398.31394643311955       374.40077391308586       384.26919538032274       354.82487822634556
41.5                      391.2242780359211        397.0300418715419        373.46683916048903       383.19950014020986       354.1159113302644
42                        390.0542023303175        395.76571694136703       372.5463978187642        382.14583852270283       353.41703400245257
42.5                      388.9018386326179        394.52097164259504       371.63944988791127       381.10821052780176       352.72824624291013
43                        387.7671869428223        393.2958059752261        370.74599536793033       380.08661615550665       352.04954805163703
43.5                      386.65024726093054       392.09021993925995       369.86603425882134       379.0810554058173        351.38093942863327
44                        385.5510195869427        390.90421353469674       368.99956656058424       378.09152827873396       350.72242037389884
44.5                      384.4695039208588        389.7377867615364        368.14659227321914       377.1180347742565        350.0739908874337
45                        383.4057002626788        388.59093961977896       367.307111396726         376.16057489238494       349.435650969238
45.5                      382.3550677587487        387.45843152979427       366.4777070548954        375.21464056623637       348.80511525014475
46                        381.3114672134414        386.33317727237034       365.65375966007264       374.27413692762053       348.1792939304238
46.5                      380.2829709792196        385.2244931146908        364.84134345097675       373.34707804340144       347.5622497495571
47                        379.2695790560832        384.1323790567557        364.0404584276078        372.4334639135789        346.9539827075446
47.5                      378.2712914440324        383.05683509856505       363.2511045899656        371.5332945381531        346.35449280438627
48                        377.288108143067         381.99786124011877       362.4732819380503        370.646569917124         345.7637800400822
48.5                      376.3200291531871        380.95545748141694       361.7069904718619        369.77329005049154       345.1818444146324
49                        375.3670544743926        379.9296238224595        360.95223019140036       368.9134549382558        344.6086859280368
49.5                      374.42918410668364       378.92036026324655       360.20900109666565       368.06706458041674       344.0443045802953
50                        373.5064180500602        377.927666803778         359.47730318765787       367.23411897697434       343.48870037140813
