0                         773.1587522007243        773.1500064793036        772.9668725859552        773.1505978101077        773.1507684145282
0.5                       767.1184815006594        773.1488171202155        762.5766727092767        771.8758850737063        771.7990742640553
1                         745.2138025560122        773.0525813953793        751.4188786797926        757.4634999416425        756.6389454410503
1.5                       723.7343843794619        772.1880230604133        735.0661151645442        732.9068475015389        731.2143116195112
2                         703.3571504632245        766.3875714767214        715.0637906432112        709.3556631388739        707.4776069958593
2.5                       684.0999558000691        752.2014198155009        693.3953515915385        688.2936195314043        686.561253855682
3                         666.2319122919963        731.0751577890655        671.9726596006628        669.8760163603065        668.3383778160621
3.5                       650.1496373887355        710.493949089595         652.4535853309828        654.27241839506          652.7677249952992
4                         635.9773991221512        692.1942895802414        635.4016751723906        641.0954526805114        639.4184016542737
4.5                       623.6033624771338        676.2663737203295        620.7801527711362        629.8703813743598        627.858998789891
5                         612.5828009749785        662.1535095430936        607.9605224413251        619.8809330546376        617.4842938376506
5.5                       602.9511761962162        649.8926782738978        596.9904885479881        611.1883986173599        608.3466452972673
6                         594.378209842058         639.0090801767851        587.3868132950937        603.4185823926812        600.1251032829972
6.5                       586.7839396009441        629.3877634533651        579.0325019804612        596.4808894161544        592.7419639467428
7                         579.9950915291025        620.8140302061507        571.6993012451942        590.2223814996233        586.0510951363568
7.5                       573.4844844279626        612.5974118281522        564.6653879474585        584.1307658546759        579.5837962235752
8                         567.5260585736695        605.0966979753385        558.3058445661787        578.4722462615406        573.5836191026691
8.5                       562.1198139662233        598.3118886477096        552.6206711013546        573.2468227202174        568.0505637736389
9                         557.2657506056242        592.2429838452656        547.6098675529861        568.4544952307065        562.9846302364843
9.5                       552.5453028552835        586.3479447781403        542.7470007831549        563.7687809552276        558.05585505305
10                        548.0572277223438        580.7546608953547        538.1562782198412        559.2667107465892        553.3420902942422
10.5                      543.9143124350951        575.6091906579734        533.9795532053064        555.0362590851081        548.9322483273781
11                        540.1165569935376        570.9115340659965        530.2168257395505        551.0774259707844        544.8263291524578
11.5                      536.6105475073603        566.5933638886376        526.8016504878364        547.3497272413935        540.9818399936144
12                        532.9562332496455        562.0917657341391        523.1866170728077        543.5196338296483        537.0487038053461
12.5                      529.4608138625845        557.7997104332587        519.7538729646751        539.8199825515421        533.2713095558769
13                        526.1242893461773        553.7171979859962        516.503418163438         536.2507734070748        529.6496572452068
13.5                      522.9466597004241        549.8442283923519        513.4352526690966        532.8120063962465        526.1837468733357
14                        519.823160789751         546.0485289869089        510.4235880243698        529.4302341301558        522.7883320800273
14.5                      516.6873443058824        542.2462037417008        507.38864091275184       526.058871441913         519.4093440143969
15                        513.6269298500308        538.548005305027         504.43573471852255       522.7594162442268        516.1181599343565
15.5                      510.641917422196         534.9539336768875        501.5648694416823        519.5318685370972        512.9147798399058
16                        507.7323070223779        531.4639888572822        498.7760450822309        516.3762283205242        509.7992037310451
16.5                      504.81660625468766       527.9716071358782        495.97277999390917       513.235375446896         506.6904486129608
17                        501.93086522695876       524.5239295153021        493.1977551374826        510.1345783778696        503.62433924775314
17.5                      499.08598391900983       521.1352093780853        490.4638753734059        507.08147719384067       500.6117074805224
18                        496.28196233084077       517.8054467242279        487.77114070167903       504.076071894809         497.6525533112685
18.5                      493.5188004624515        514.5346415537299        485.119551122302         501.11836248077446       494.7468767399915
19                        490.7964983138421        511.3227938665912        482.5091066352748        498.2083489517374        491.8946777666913
19.5                      488.11505588501257       508.1699036628118        479.9398072405975        495.3460313076975        489.095956391368
20                        485.4744731759629        505.07597094239173       477.4116529382699        492.5314095486549        486.3507126140215
20.5                      482.8747501866931        502.0409957053311        474.92464372829227       489.76448367460955       483.6589464346521
21                        480.30970623011194       499.0493728048424        472.4718340347921        487.0357000118714        481.00177034465446
21.5                      477.7796953150046        496.10199605078435       470.0536216767887        484.3456057624532        478.38026615643497
22                        475.2884481586099        493.2082848473875        467.6741990651351        481.699967608053         475.8058345367666
22.5                      472.835964760928         490.3682391946523        465.33356619983147       479.09878554867083       473.2784754856492
23                        470.4222451219587        487.5818590925785        463.03172308087755       476.54205958430686       470.7981890030827
23.5                      468.0472892417022        484.84914454116614       460.7686697082737        474.0297897149608        468.36497508906734
24                        465.7110971201585        482.1700955404152        458.54440608201975       471.56197594063303       465.9788337436029
24.5                      463.41366875732746       479.5447120903258        456.3589322021157        469.13861826132324       463.63976496668954
25                        461.1550041532091        476.97299419089774       454.2122480685615        466.75971667703146       461.3477687583271
25.5                      458.926817539397         474.43877793234833       452.09435009976215       464.4145359744654        459.08766779069697
26                        456.71766181905076       471.9197322728802        449.9914179761464        462.0882450576861        456.838494021633
26.5                      454.54214532250967       469.44435520110517       447.9210886406446        459.79977078227887       454.62700603375225
27                        452.40026804977384       467.0126467170232        445.88336209325655       457.5491131482436        452.4532038270547
27.5                      450.29203000084317       464.6246068206342        443.8782383339826        455.3362721555802        450.31708740154033
28                        448.2174311757178        462.2802355119382        441.9057173628225        453.16124780428896       448.2186567572091
28.5                      446.17647157439757       459.97953279093525       439.9657991797763        451.02404009436964       446.1579118940611
29                        444.1691511968827        457.7224986576254        438.058483784844         448.92464902582236       444.1348528120963
29.5                      442.1954700431729        455.5091331120084        436.18377117802555       446.863074598647         442.1494795113147
30                        440.2554281132684        453.3394361540845        434.34166135932105       444.83931681284366       440.2017919917163
30.5                      438.34173702844606       451.20012646768475       432.5241875109287        442.8434936902196        438.2804039696427
31                        436.4445429624889        449.073247825995         430.72057856275165       440.8622448800725        436.3699212861608
31.5                      434.5768025897176        446.9824106497528        428.9449972617531        438.9131377424356        434.49058553061303
32                        432.738515910132         444.9276149389582        427.19744360793294       436.99617227730874       432.64239670299935
32.5                      430.92968292373223       442.90886069361113       425.4779176012913        435.1113484846921        430.8253548033198
33                        429.1503036305181        440.92614791371176       423.7864192418282        433.2586663645856        429.03945983157416
33.5                      427.4003780304898        438.97947659926          422.1229485295435        431.4381259169893        427.2847117877626
34                        425.6799061236472        437.0688467502559        420.4875054644374        429.64972714190304       425.56111067188516
34.5                      423.98888790999035       435.19425836669944       418.88009004650974       427.893470039327         423.86865648394183
35                        422.3273233895193        433.35571144859057       417.30070227576056       426.169354609261         422.2073492239325
35.5                      420.687918009633         431.5418601263851        415.74199240966544       424.46829275641034       420.56786907098376
36                        419.0608095970841        429.7373648806899        414.19402365866847       422.7779974530172        418.93761570632086
36.5                      417.4589658016002        427.9623954559915        412.6698617845595        421.1146247600389        417.3331571333877
37                        415.88238662318156       426.21695185229015       411.16950678733826       419.4781746774754        415.7544933521845
37.5                      414.33107206182797       424.5010340695856        409.69295866700486       417.8686472053269        414.20162436271096
38                        412.8050221175397        422.8146421078781        408.24021742355944       416.28604234359324       412.67455016496734
38.5                      411.3042367903164        421.1577759671675        406.81128305700184       414.7303600922745        411.1732707589534
39                        409.8287160801584        419.53043564745377       405.40615556733206       413.2016004513705        409.6977861446693
39.5                      408.3784599870655        417.9326211487369        404.02483495455016       411.6997634208815        408.248096322115
40                        406.95346851103784       416.36433247101706       402.6673212186561        410.22484900080735       406.8242012912904
40.5                      405.54703457298984       414.8165090014844        401.32720812465          408.76914828633153       405.41864416984413
41                        404.15009025888446       413.2769008684685        399.9958344971468        407.32223890352543       404.02134331608266
41.5                      402.7745588568291        411.7616152768468        398.6845888086268        405.89782510306975       402.64555495608136
42                        401.420440366824         410.27065222661946       397.3934710590901        404.4959068849644        401.2912790898401
42.5                      400.08773478886894       408.80401171778635       396.12248124853653       403.1164842492094        399.958515717359
43                        398.776442122964         407.3616937503476        394.8716193769663        401.75955719580463       398.6472648386378
43.5                      397.4865623691092        405.9436983243032        393.6408854443792        400.4251257247502        397.35752645367694
44                        396.2180955273045        404.55002543965304       392.4302794507755        399.1131898360461        396.08930056247607
44.5                      394.9710415975499        403.18067509639735       391.23980139615486       397.82374952969235       394.84258716503524
45                        393.7454005798455        401.83564729453576       390.06945128051757       396.5568048056889        393.6173862613547
45.5                      392.53533868740806       400.5077775830982        388.9137908040997        395.3059800690522        392.4076591180934
46                        391.33296868998656       399.1873796851381        387.7654674317456        394.0626555694396        391.20524141899256
46.5                      390.1486614091691        397.88718996651085       386.63414892107          392.8381653100551        390.02086832260767
47                        388.9824168449556        396.6072084272163        385.51983527207267       391.6325092908987        388.8545398289385
47.5                      387.83423499734596       395.34743506725454       384.4225264847537        390.4456875119706        387.7062559379855
48                        386.7041158663404        394.10786988662556       383.3422225591131        389.2776999732707        386.57601664974817
48.5                      385.5920594519387        392.88851288532953       382.27892349515093       388.12854667479894       385.4638219642269
49                        384.49806575414107       391.6893640633661        381.23262929286705       386.9982276165554        384.3696718814214
49.5                      383.42213477294735       390.5104234207355        380.2033399522616        385.88674279854          383.2935664013319
50                        382.36426650835756       389.35169095743765       379.1910554733345        384.7940922207528        382.23550552395824
