0                         293.18607959513525       559.4574345203753        293.3622362423124        293.30272887449104       293.4216417248649
1                         346.64785890757884       720.4543242082274        381.4594728503281        390.69151816845033       358.09655752540743
2                         439.7942026056076        723.3676869076137        472.8940447997283        478.4291480937414        414.93594545709635
3                         502.17156538314975       723.1126307593645        504.0407883149636        522.3268589751988        443.933238328376
4                         541.7459582697669        722.0119046927733        516.6022063210978        546.3945056832681        460.23558410879
5                         564.9712029537968        721.0093880695996        523.298753778313         557.8869492926495        469.7394523067674
6                         579.9637002319973        720.1750881677272        527.1997565671415        563.7963894607277        475.81213920084144
7                         586.2649513861044        717.1736570034022        527.4462814414968        566.6618118712707        479.39896433456056
8                         589.5924613709191        712.5500146941542        525.9650411763408        567.8575706221031        481.3086772804368
9                         589.856693923401         709.2391133488983        523.7324769220262        567.7202536858506        482.17306149847377
10                        587.1443183384235        697.448688452426         521.0900986534773        566.7739491507936        482.30803651327204
11                        582.4880221579639        685.5189860709875        518.0448594227491        565.4346150763889        481.85100058152864
12                        576.8624438305694        677.1215414726297        514.7390761677178        563.7451223887168        480.8905839212088
13                        570.3057698374633        683.0622879300666        510.46808751715355       560.7204753917674        478.8545508622478
14                        564.7598894988049        664.9713573118946        507.3801173486044        558.7927397161608        477.6587416964751
15                        559.228163441423         651.6113045663266        504.0262460963405        556.2655248940383        476.3217568112903
16                        553.9645313460807        639.3864280868671        500.6911373040677        553.63963514396          474.84232466765104
17                        548.8506638356349        629.4006627918377        497.3433610179614        550.7713971332637        473.115108987419
18                        543.9801192545087        620.7447946718432        494.0249525330068        547.5986413025852        471.0644239390844
19                        539.3255036039603        612.0626179319737        490.77048040913644       544.3766271028406        468.8121568793547
20                        534.8278847257343        603.4122695779224        487.5887086886488        541.3293734035107        466.4035664405942
21                        530.5228799295937        595.0964493535417        484.6908657427799        538.7886639127864        463.8464464419237
22                        526.5221798599447        586.948770024704         482.1036890890571        536.4278758811397        461.1722956216306
23                        522.7454968564515        579.1815069921207        479.5241632214425        533.4129623429075        458.40132434411913
24                        519.0747679157921        571.8444810429169        476.846043658283         529.7788403148728        455.54499357397304
25                        515.3872634799137        564.7942250232558        474.05703516631763       525.6835945452685        452.6315722825461
26                        511.60778341099035       557.9598819761817        471.1307472601709        521.0319956062336        449.673333977984
27                        507.71433174858385       551.2309201605262        468.0605104823925        515.8580366260583        446.67826102224404
28                        503.71433813412773       544.6317136237896        464.8540709660916        510.33040568032015       443.642732988058
29                        499.6763653606889        538.1816517270028        461.5921133505985        504.7574014442154        440.593456813031
30                        495.6101104859115        532.0237664037044        458.27660274451165       499.27579967026304       437.53744735948976
31                        491.5438556111341        525.865881080406         454.9610921384248        493.7941978963107        434.48143790594867
32                        487.5012146251058        519.8770416667577        451.6608439574249        488.461449083495         431.4479576250337
33                        483.49536934974014       514.1516135212121        448.38437804217034       483.3606464167583        428.4495828248905
34                        479.4895240743746        508.4261853756664        445.1079121269158        478.25984375002156       425.4512080247474
35                        475.6482046841279        503.1197928228225        441.97656660485313       473.59457636476526       422.59485836980895
36                        471.9633935049176        498.21201542361774       438.983269470173         469.343619759229         419.87361269186533
37                        468.2785823257072        493.304238024413         435.98997233549284       465.09266315369274       417.1523670139217
38                        464.59377114649686       488.39646062520825       432.9966752008128        460.8417065481565        414.4311213359782
39                        460.9089599672866        483.4886832260034        430.00337806613254       456.5907499426201        411.7098756580346
40                        457.22414878807615       478.58090582679864       427.0100809314525        452.33979333708385       408.988629980091
41                        453.824721249039         474.2179974013314        424.26229869361197       448.61990412223236       406.50439183790945
42                        450.51756691099035       470.03126166850893       421.5938988808047        445.07172512892475       404.0967854324663
43                        447.2104125729417        465.8445259356866        418.92549906799746       441.5235461356171        401.6891790270231
44                        443.9032582348931        461.65779020286413       416.2570992551902        437.9753671423095        399.28157262158
45                        440.59610389684445       457.4710544700418        413.58869944238296       434.42718814900184       396.8739662161368
46                        437.2889495587958        453.2843187372194        410.9202996295757        430.87900915569423       394.4663598106936
47                        434.36589209195216       449.7178260429698        408.5735330922084        427.894438507514         392.36732550880544
48                        431.4432764129955        446.15204675172333       406.22713649715456       424.9105161211619        390.26864612628225
49                        428.52066073403876       442.5862674604769        403.88073990210074       421.92659373480984       388.16996674375906
50                        425.5980450550821        439.0204881692305        401.5343433070469        418.9426713484577        386.0712873612359
51                        422.67542937612546       435.4547088779841        399.18794671199316       415.9587489621055        383.9726079787127
52                        419.7860343563321        431.9377665749136        396.86834674453956       413.01594274101296       381.8994608138047
53                        417.0290937175391        428.61554265497176       394.6555878455979        410.2370711424033        379.9281133772871
54                        414.31791407593136       425.3605910088117        392.47974092947254       407.51483649110577       377.9919362163704
55                        411.65249543150856       422.17291163643347       390.3408059961635        404.8492387871204        376.09092933105455
56                        409.032837784271         419.0525045378369        388.23878304567086       402.2402780304472        374.22509272133954
57                        406.45894113421855       415.9993697130221        386.1736720779945        399.68795422108616       372.39442638722545
58                        403.93080548135134       413.0135071619891        384.1454730931345        397.19226735903726       370.59893032871213
59                        401.4484308256692        410.09491688473787       382.1541860910908        394.75321744430056       368.83860454579974
60                        399.01181716717224       407.2435988812683        380.19981107186345       392.37080447687606       367.11344903848817
61                        396.6209645058604        404.4595531515806        378.28234803545246       390.0450284567637        365.42346380677753
62                        394.2831780210142        401.74643500162693       376.4076464363371        387.7784294520431        363.77351359650135
63                        392.0176901092162        399.1138677809521        374.59110617423505       385.57769471771206       362.176405858039
64                        389.8038570574279        396.55152195700816       372.8161972702003        383.43564627298196       360.61839330153765
65                        387.6416788656493        394.0593975297952        371.08291972423274       381.3522841178527        359.09947592699734
66                        385.53115553388034       391.6374944993133        369.39127353633233       379.32760825232435       357.61965373441797
67                        383.47228706212104       389.28581286556226       367.74125870649925       377.36161867639686       356.1789267237996
68                        381.46507345037145       387.0043526285423        366.1328752347334        375.45431539007035       354.7772948951422
69                        379.5095146986315        384.7931137882532        364.5661231210347        373.6056983933446        353.41475824844576
70                        377.60561080690127       382.6520963446951        363.0410023654033        371.8157676862197        352.0913167837104
71                        375.75336177518074       380.581300297868         361.557512967839         370.08452326869576       350.806970500936
72                        373.9439729504101        378.5635880017688        360.10770716190996       368.39587936570206       349.5534992541936
73                        372.1542905879713        376.55384105590866       358.67066080734514       366.70748684470976       348.30926180780614
74                        370.4091675062643        374.60048875033743       357.26883350482285       365.064802512706         347.0974874799295
75                        368.7086037052892        372.70353108505515       355.9022252543429        363.467826369691         345.9181762705638
76                        367.052599185046         370.86296806006163       354.5708360559055        361.9165584156646        344.77132817970875
77                        365.4411539455346        369.0787996753572        353.27466590951053       360.4109986506269        343.65694320736463
78                        363.8742679867552        367.3510259309416        352.01371481515804       358.9511470745778        342.5750213535314
79                        362.35194130870764       365.6796468268149        350.787982772848         357.53700368751737       341.52556261820894
80                        360.8741739113919        364.0646623629771        349.5974697825804        356.1685684894456        340.50856700139735
81                        359.44096579480805       362.50607253942826       348.44217584435523       354.8458414803625        339.52403450309663
82                        358.0414029426401        360.9867064942243        347.31337547585645       353.5548335718268        338.5631473573973
83                        356.6467519478027        359.461358379036         346.18809703876633       352.25871559286276       337.6026909703204
84                        355.2878547393265        357.9785513488725        345.0909978818152        350.9970193217284        336.6675834748896
85                        353.96471131721154       356.5382854037337        344.02207800500304       349.76974475842354       335.75782487110496
86                        352.6773216814578        355.1405605436197        342.9813374083298        348.5768919029483        334.87341515896657
87                        351.4256858320652        353.7853767685304        341.9687760917955        347.4184607553027        334.0143543384743
88                        350.2098037690338        352.4727340784659        340.9843940554001        346.29445131548675       333.1806424096281
89                        349.02967549236365       351.2026324734261        340.02819129914377       345.20486358350036       332.37227937242807
90                        347.88530100205475       349.9750719534111        339.1001678230263        344.14969755934356       331.58926522687426
91                        346.77668029810695       348.7900525184208        338.2003236270478        343.1289532430165        330.8315999729666
92                        345.6936385108537        347.6337633540752        337.32069745167934       342.13178753005536       330.0915424319672
93                        344.60938818976274       346.4698446327659        336.44032963327953       341.1296537035048        329.34871234847276
94                        343.5526825086493        345.337324347913         335.5817179026819        340.15319330252464       328.62498552680086
95                        342.5235214675132        344.2362024995165        334.74486225988625       339.20240632711483       327.9203619669515
96                        341.5219050663547        343.1664790875763        333.9297627048926        338.2772927772754        327.2348416689247
97                        340.54783330517364       342.12815411209255       333.1364192377011        337.3778526530063        326.56842463272034
98                        339.60130618397017       341.1212275730652        332.3648318583115        336.5040859543075        325.92111085833864
99                        338.68232370274404       340.1456994704942        331.61500056672406       335.6559926811791        325.29290034577934
100                       337.79088586149544       339.2015698043797        330.88692536293865       334.8335728336211        324.6837930950427
