0                         823.1551428155847        823.1500040075196        823.0482226539202        823.1503614673136        823.1504615080548
0.5                       823.1282640739239        823.1499965384136        818.1199098499336        823.1494232853262        823.1435274401372
1                         822.4749829332856        823.1499947743818        814.0169084093923        823.0935550556252        823.0774375322255
1.5                       820.3267279242242        823.1498547264562        811.272656318656         822.6396683031558        822.5933686911061
2                         817.2792826230271        823.1472990122634        808.860276528945         821.2952438178423        821.1696483921417
2.5                       814.0847481078681        823.1343290484182        806.4626184460494        818.8400124915621        818.4893113225204
3                         810.9342067668109        823.0962019265156        803.9146208339848        815.3080673959688        814.5023654395276
3.5                       807.7653207913761        823.0046888370987        800.9473089696179        810.8072247534052        809.2356691972354
4                         804.214766296588         822.8192984272014        797.1822742116109        805.473044269543         802.8030459947569
4.5                       799.5586776563385        822.4702340857664        791.7257879102135        799.4540093696887        795.4422025514616
5                         793.4973839214822        821.9288596438515        784.2067225876948        792.8094218074218        787.2516777009293
5.5                       785.6809871284313        821.1683491724431        774.381840830023         785.5851658073894        778.3987828562033
6                         775.5085775842634        820.1401250855332        761.7643999135977        777.869353799442         769.151725372733
6.5                       763.4790338751345        818.8614463728227        747.0058590173113        769.6470731289334        759.4367968849501
7                         751.1807182117586        817.2256913507283        733.9127644075775        761.2787153488916        750.0625435839553
7.5                       737.9328902488712        815.2785559450314        720.8537063201837        752.6098238318649        740.6824387080438
8                         725.8690239660621        812.8951908446842        708.983362484846         744.0153454462071        731.5741263998206
8.5                       714.9946077819476        810.07527487151          698.3047033407676        735.4962447527204        722.7383209062348
9                         704.9415483412834        806.6427742490594        688.5182174415529        727.0468404923888        714.1210339734222
9.5                       695.7492205403667        802.3238762705573        679.5073928324474        718.7551436261244        705.7190267818859
10                        687.3611085654252        797.0060526276877        671.3038154371579        710.5795251030536        697.5400543224491
10.5                      679.4185010455936        787.8715457363639        663.5435429021304        702.6081757907114        689.6462631872022
11                        672.074844860771         776.1257149598742        656.3822597780983        694.8033700562966        682.0110687696143
11.5                      665.1063883194763        761.1377782718384        649.5973984282203        687.2503424668469        674.6637241446653
12                        658.5108908676578        742.9014192899501        643.1867301550632        679.9499465249802        667.6045222401768
12.5                      652.2526719723417        724.7165145310596        637.1153530963702        672.8995747248109        660.8163866165916
13                        646.2227435469073        711.0246452006986        631.2756796591116        666.1181214123651        654.2832040431524
13.5                      640.4715903049631        699.2722827945271        625.7173494716596        659.5916707844115        648.0085947127488
14                        634.8776843338252        689.0307807238125        620.3182664556078        653.2852831989812        641.9329011898045
14.5                      629.4929143316213        680.4831579588895        615.1305618984533        647.2138768135146        636.0815953728927
15                        624.2293657185348        672.3096396719362        610.0634414361991        641.302962545057         630.3800812103312
15.5                      619.0854988356248        664.4871124826914        605.115314975887         635.5512358570593        624.8270522922139
16                        614.0782558932126        657.2699130751997        600.3036796973249        629.9730517030762        619.4368841862724
16.5                      609.2076368912981        650.6580414494614        595.6285356005133        624.5684100831078        614.2095768925069
17                        604.466641750855         644.5782060641257        591.0827745277544        619.327977509323         609.1369409124541
17.5                      599.7909416617689        638.3568777163426        586.6010744555324        614.1659817834201        604.1437169969587
18                        595.2252637320279        632.4623537885049        582.2288530620943        609.1420593632939        599.282232067008
18.5                      590.7696079616318        626.8946342806122        577.9661103474402        604.2562102489445        594.5524861226022
19                        586.4239743505808        621.6537191926647        573.8128463115703        599.508434440372         589.9544791637413
19.5                      582.1468044872871        616.5080968316975        569.7261870367205        594.8440476992155        585.437866619238
20                        577.9005020609566        611.2483273941028        565.6673461238047        590.213579279544         580.9571036746285
20.5                      573.7273713119919        606.1100774017963        561.6799669281583        585.6726948114303        576.5634384108937
21                        569.6274122403929        601.0933468547778        557.7640494497812        581.2213942948742        572.2568708280337
21.5                      565.6006248461598        596.1981357530474        553.9195936886736        576.8596777298761        568.0374009260485
22                        561.6470091292925        591.4244440966052        550.1465996448355        572.5875451164356        563.9050287049381
22.5                      557.766565089791         586.7722718854511        546.4450673182668        568.4049964545528        559.8597541647025
23                        553.9592927276553        582.241619119585         542.8149967089672        564.3120317442279        555.9015773053416
23.5                      550.2251920428856        577.8324857990073        539.2563878169373        560.3086509854605        552.0304981268556
24                        546.5588284828752        573.5316534427133        535.7637438461514        556.3870545709972        548.238947827808
24.5                      542.9126436097191        569.2234454985406        532.288961658894         552.4789871789854        544.4606908964292
25                        539.3285491343339        565.0098039651676        528.8744329923817        548.6446000137962        540.7540985438857
25.5                      535.8065450567195        560.890728842594         525.520157846615         544.8838930754293        537.1191707701773
26                        532.3466313768762        556.8662201308197        522.2261362215934        541.196866363885         533.5559075753042
26.5                      528.9488080948036        552.936277829845         518.9923681173171        537.5835198791631        530.0643089592664
27                        525.613075210502         549.1009019396697        515.8188535337862        534.0438536212636        526.6443749220637
27.5                      522.3394327239711        545.3600924602939        512.7055924710006        530.5778675901865        523.2961054636961
28                        519.1278806352112        541.7138493917175        509.65258492896027       527.1855617859319        520.0195005841639
28.5                      515.9784189442223        538.1621727339407        506.65983090766525       523.8669362084997        516.8145602834668
29                        512.8457468550938        534.5923640762182        503.6805665971893        520.5582988087945        513.6184665747402
29.5                      509.7510234884361        531.0570626540787        500.73663446353186       517.2893989040556        510.4605605177567
30                        506.70669029959026       527.5872200703831        497.840877765649         514.0777289415676        507.3580945064867
30.5                      503.7127472885566        524.1828363251312        494.9932965035405        510.92328892133025       504.3110685409301
31                        500.76919445533497       520.8439114183232        492.1938906772065        507.82607884334374       501.319482621087
31.5                      497.8760317999253        517.570445349959         489.442660286647         504.78609870760806       498.3833367469571
32                        495.03325932232764       514.3624381200386        486.739605331862         501.80334851412323       495.5026309185407
32.5                      492.240877022542         511.21988972856207       484.0847258128513        498.87782826288924       492.6773651358379
33                        489.4988849005683        508.14280017552926       481.47802172961514       496.0095379539059        489.90753939884826
33.5                      486.80728295640677       505.1311694609403        478.9194930821535        493.1984775871735        487.19315370757204
34                        484.13562787732786       502.12949542582294       476.37868600806905       490.40322688312165       484.4931811665748
34.5                      481.498566467763         499.16448111906          473.8702523874208        487.643713854833         481.82736052502577
35                        478.904516222493         496.25147273959016       471.4026126319447        484.931391099146         479.2070356100988
35.5                      476.35347714151794       493.3904702874134        468.975766741641         482.26625861606055       476.63220642179414
36                        473.84544922483786       490.5814737625295        466.5897147165095        479.64831640557685       474.1028729601116
36.5                      471.38043247245287       487.82448316493884       464.2444565565503        477.0775644676947        471.6190352250513
37                        468.95842688436284       485.1194984946413        461.93999226176345       474.5540028024141        469.1806932166131
37.5                      466.57943246056783       482.46651975163667       459.67632183214886       472.0776314097353        466.78784693479713
38                        464.24344920106773       479.8655469359251        457.4534452677066        469.64845028965806       464.44049637960336
38.5                      461.9504771058626        477.3165800475066        455.2713625684366        467.2664594421824        462.1386415510318
39                        459.6744244493506        474.7814161852562        453.10475926830566       464.89877228418595       459.85024155098176
39.5                      457.4278444121123        472.27843542582497       450.96581459486913       462.56121111975494       457.59071180984523
40                        455.21795128669316       469.8182007694917        448.8615279304745        460.26286900141844       455.3689115504979
40.5                      453.0447450730932        467.4007122162562        446.79189927512186       458.00374592917655       453.1848407729397
41                        450.9082257713125        465.02596976611875       444.7569286288114        455.78384190302927       451.0384994771708
41.5                      448.80839338135104       462.693973419079         442.7566159915428        453.6031569229765        448.9298876631909
42                        446.74524790320874       460.40472317513724       440.7909613633162        451.4616909890183        446.8590053310004
42.5                      444.71878933688555       458.1582190342934        438.85996474413173       449.3594441011547        444.82585248059905
43                        442.72901768238165       455.95446099654737       436.9636261339893        447.2964162593855        442.83042911198686
43.5                      440.77593293969693       453.7934490618993        435.10194553288875       445.272607463711         440.872735225164
44                        438.83620455424824       451.644726250187         433.2527963133323        443.2608945882649        438.92670401396
44.5                      436.92105725946993       449.52294594147986       431.4268239786058        441.27432703813844       437.00487666978586
45                        435.0369418914847        447.4365294095679        429.63014648220303       439.3204042852996        435.1144605950306
45.5                      433.1838584502925        445.38547665445117       427.8627638241241        437.39912632974836       433.2554557896945
46                        431.36180693589347       443.3697876761294        426.124676004369         435.51049317148477       431.42786225377733
46.5                      429.5707873482874        441.38946247460296       424.4158830229378        433.65450481050874       429.631679987279
47                        427.81079968747446       439.4445010498715        422.73638487983055       431.83116124682044       427.8669089901999
47.5                      426.0818439534546        437.53490340193514       421.086181575047         430.04046248041954       426.1335492625396
48                        424.3839201462278        435.660669530794         419.46527310858755       428.2824085113063        424.43160080429834
48.5                      422.717028265794         433.82179943644786       417.8736594804518        426.55699933948074       422.76106361547613
49                        421.06062967941983       431.99325749387407       416.2920463629458        424.84169427456925       421.1003667276054
49.5                      419.4246058786368        430.1870887753935        414.72971659092          423.14733803267035       419.45988830679914
50                        417.8146357406218        428.41021556455837       413.1920049945263        421.480163054559         417.8455926683114
