0                         293.192280914046         583.6382447431951        293.3980098745097        293.3444809936592        293.46319480726515
1                         351.0408748698477        780.8161585658537        388.06855743560806       399.15320583576454       357.0139011275236
2                         446.9031319657952        757.06592458306          452.44140446327503       491.7412743167782        419.9260018226101
3                         507.5004998554541        735.0479212339147        482.40797438886256       537.8500216135336        454.1033719446837
4                         544.2856323070974        725.4742575155216        499.35423927591347       561.7210850328764        473.08389811350116
5                         565.5218032050306        724.43707395109          508.9752145213883        572.7037131224007        483.81129805967436
6                         577.0780216146806        723.564654500907         514.6309369751729        578.1773611428532        490.3561968374924
7                         582.1534267702802        722.9144035402439        517.783685506741         580.401747011279         493.72139528237494
8                         584.8730238048976        722.0410205304089        520.1606882333369        581.2702955533593        495.75423046902597
9                         586.3215376934128        720.8526566453395        522.1341203428058        581.3155217275103        497.01606447787015
10                        586.9021802118086        720.0575255356633        523.3657685379641        580.6032561902795        497.58579654574845
11                        586.6233324205064        718.9391588906001        523.1467823178814        579.052240110944         497.3555400920494
12                        585.3249556278521        715.8364458230793        521.9061985218636        577.2360416014926        496.55448842634996
13                        584.0108254018954        714.1682211532561        520.0529803812462        575.3029856711056        495.26094512670124
14                        583.1542392296523        713.299648668121         517.9559273221671        573.194695575318         493.6455736973725
15                        581.5912579404925        703.3452638506025        515.7766597856906        570.952255345118         491.79555453531975
16                        577.8565075782519        692.1065914863567        513.3585987882743        568.5948628199995        489.88175175963363
17                        572.7115640431608        682.568698969153         510.57991748841977       566.1301250580924        487.8483030328042
18                        567.0495919899417        670.5859382505006        507.5624805513104        563.5857243916           485.69543672735966
19                        561.4779332458446        658.8078513499528        504.4658171503858        560.825647654021         483.4914482692955
20                        555.922751592514         650.7786916382305        501.24709474417625       557.8225134378347        481.1881166339094
21                        550.5764166303182        640.2395116062087        497.97898541985046       554.742514084409         478.8362794456174
22                        545.503457118793         628.5714464172587        494.759808599011         551.7691897758931        476.4297477743053
23                        540.5894749796861        618.0074008644955        491.54453711208004       548.7099944183011        473.88520061204076
24                        535.800814299945         608.5005415731016        488.3309049194536        545.4516931200563        471.1623554173303
25                        531.2051163056199        600.3659370921428        485.1724724649935        541.9868009101689        468.2688580304548
26                        526.7187710697647        592.70039776956          482.0137520721938        538.1072585369863        465.2916775427442
27                        522.3113870356841        585.0255581531657        478.8230623646765        533.7053926891382        462.2442895316269
28                        517.9616739985629        577.2347539657745        475.58905192241997       528.8224815392699        459.1319205110298
29                        513.6500663855563        569.4218762933364        472.3071782207999        523.5448537888312        455.951873784569
30                        509.36053554398114       561.7091052798071        468.97854812812005       517.9868722624728        452.7048346015711
31                        505.0878258404352        554.215116157192         465.6090583374854        512.2772033149099        449.39789116123313
32                        500.8478816023545        547.1416817396426        462.20996054500495       506.5849044469533        446.04396642177625
33                        496.6079373642738        540.0682473220932        458.81086275252454       500.8926055789969        442.6900416823193
34                        492.4273843813385        533.4457070167381        455.4287513961341        495.42309804077365       439.35168886827324
35                        488.2507111539027        526.8526215344403        452.0477496849038        489.9681444277816        436.0143532959592
36                        484.24738461197035       520.8660432021608        448.80414223466755       485.0101852200249        432.83354739213024
37                        480.3086742301336        515.1055445494023        445.611749432919         480.23748406875774       429.7110889905287
38                        476.3699638482969        509.34504589664385       442.4193566311706        475.4647829174906        426.5886305889271
39                        472.4312534664602        503.58454724388537       439.2269638294221        470.69208176622345       423.4661721873256
40                        468.58069052921053       498.0459250308722        436.10878528790477       466.11308773527907       420.42795356752106
41                        464.92815206411996       493.0057513556578        433.1573301242213        461.969259470456         417.5789808005409
42                        461.2756135990294        487.96557768044335       430.2058749605377        457.825431205633         414.73000803356075
43                        457.62307513393876       482.92540400522887       427.25441979685417       453.6816029408099        411.88103526658057
44                        453.9705366688482        477.8852303300144        424.30296463317063       449.5377746759868        409.0320624996004
45                        450.5921500887414        473.4012583605046        421.5830162236902        445.8743978398649        406.4396888432548
46                        447.2484858353963        468.98773134661474       418.89238898107845       442.27187191308985       403.87981439138025
47                        443.90482158205117       464.5742043327249        416.20176173846664       438.6693459863148        401.3199399395057
48                        440.56115732870603       460.1606773188351        413.5111344958549        435.06682005953974       398.7600654876311
49                        437.2770015111438        455.85156225900465       410.8692577421839        431.5495610025505        396.2527952485975
50                        434.09896341803517       451.72863859917874       408.3143147296596        428.1843530971987        393.8393308589349
51                        430.97305221589215       447.6971754268138        405.80207509839715       424.89383538939313       391.4719455508514
52                        427.89926790471463       443.7571727419097        403.3325388483965        421.6780078791338        389.15063932434697
53                        424.8776104845027        439.9086305444667        400.90570597965774       418.5368705664208        386.87541217942186
54                        421.9080799552563        436.15154883448446       398.52157649218077       415.470423451254         384.6462641160757
55                        418.99067631697545       432.4859276119633        396.1801503859657        412.47866653363343       382.4631951343089
56                        416.1253995696602        428.9117668769029        393.8814276610124        409.5615998135591        380.32620523412106
57                        413.3122497133105        425.4290666293035        391.625408317321         406.719223291031         378.2352944155125
58                        410.57497962951265       422.04843080134344       389.43097048258153       403.95890645956194       376.20624911202344
59                        407.9105263776449        418.768492013048         387.29567981702957       401.2796990209339        374.2370336587016
60                        405.30621248606695       415.5835906963779        385.2094606198478        398.677667703107         372.3192224646231
61                        402.76203795477875       412.4937268513333        383.1723128910362        396.1528125060812        370.45281552978776
62                        400.2780027837802        409.498900477914         381.1842366305946        393.7051334298565        368.63781285419566
63                        397.85410697307145       406.5991115761201        379.2452318385233        391.3346304744329        366.87421443784683
64                        395.4903505226524        403.79436014595166       377.3552985148221        389.0413036398105        365.16202028074116
65                        393.1867334325232        401.0846461874085        375.514436659491         386.8251529259892        363.5012303828788
66                        390.9432557026837        398.46996970049076       373.7226462725301        384.6861783329689        361.89184474425963
67                        388.7338173908023        395.874515613006         371.954413008391         382.5554611873013        360.30050220881003
68                        386.571223125046         393.33547878908587       370.222254201538         380.4668129808299        358.7435697551736
69                        384.461863833491         390.8714235867403        368.53241738866103       378.4371093939499        357.22921631898635
70                        382.4057395161373        388.4823500059694        366.88490256975984       376.46635042666145       355.75744190024824
71                        380.40285017298504       386.168258046773         365.2797097448346        374.5545360789646        354.3282464989593
72                        378.4531958040341        383.9291477091512        363.7168389138852        372.7016663508591        352.9416301151194
73                        376.55677640928445       381.76501899310404       362.1962900769117        370.90774124234525       351.5975927487287
74                        374.7135919887362        379.6758718986315        360.71806323391405       369.17276075342284       350.2961343997872
75                        372.9236425423893        377.6617064257335        359.2821583848923        367.496724884092         349.0372550682948
76                        371.1869280702437        375.7225225744101        357.8885755298464        365.87963363435256       347.8209547542516
77                        369.4646442053135        373.78144506934257       356.50543951813773       364.26113119540867       346.6089241768035
78                        367.7768131994889        371.8781399647954        355.14919726913905       362.67235991799595       345.4209301336224
79                        366.1330552123525        370.03166574500517       353.8277510902367        361.1282828734758        344.26647004533197
80                        364.5333702439041        368.242022409972         352.5411009814307        359.62890006184836       343.14554391193224
81                        362.97775829414377       366.5092099596956        351.28924694272104       358.17421148311354       342.05815173342336
82                        361.46621936307156       364.83322839417616       350.07218897410786       356.7642171372713        341.004293509805
83                        359.99875345068756       363.21407771341376       348.88992707559095       355.39891702432175       339.98396924107755
84                        358.5753605569916        361.65175791740825       347.74246124717047       354.0783111442648        338.99717892724067
85                        357.1960406819837        360.1462690061597        346.62979148884625       352.80239949710045       338.0439225682946
86                        355.86079382566396       358.697610979668         345.5519178006186        351.5711820828289        337.1242001642392
87                        354.5284212830568        357.2401501293066        344.4760413830708        350.33474606800803       336.20171418926674
88                        353.220180735002         355.80775209311275       343.419085739268         349.1188454437827        335.29519341699637
89                        351.94628593183825       354.41668840957607       342.38918216238665       347.9358543180231        334.4136365250989
90                        350.7067368735657        353.0669590786967        341.38633065242675       346.78577269072923       333.5570435135741
91                        349.50153356018444       351.75856410047453       340.41053120938835       345.66860056190103       332.7254143824222
92                        348.3306759916943        350.49150347490956       339.4617838332714        344.58433793153864       331.9187491316429
93                        347.1941641680954        349.26577720200186       338.5400885240759        343.53298479964195       331.1370477612365
94                        346.0919980893877        348.08138528175135       337.6454452818018        342.514541166211         330.3803102712028
95                        345.02417775557115       346.9383277141581        336.7778541064493        341.52900703124584       329.6485366615419
96                        343.9907031666458        345.83660449922206       335.93731499801817       340.5763823947464        328.94172693225374
97                        342.95679463017257       344.7280884047991        335.09670374590564       339.6204719659812        328.23188362125006
98                        341.94039774910203       343.6376120886445        334.27001588255285       338.6799517673818        327.5334528407022
99                        340.95013490842547       342.57710698243585       333.4639758891154        337.76379513107565       326.8533755633438
100                       339.9860061081428        341.5465730861732        332.6785837655932        336.87200205706296       326.1916517891747
