0                         873.158128843769         873.1500066535801        873.1081144321621        873.1505899661358        873.1507848135709
0.5                       872.7429040753359        873.1499954976607        857.335018082663         873.112709593109         873.1046339782424
1                         869.9399015784692        873.1484851537423        852.7583190596276        872.3754110824203        872.3173067566163
1.5                       865.8548912830173        873.1239665944224        849.9895214179905        870.3551208696026        870.1452611283827
2                         861.7954367919735        872.9916188195164        847.6905856615442        867.5024426412186        867.0664218836158
2.5                       858.1248190521433        872.6577960593349        845.5619950741094        864.2172203410719        863.5243690542761
3                         854.870083605299         872.0658323489299        843.5094805314748        860.7097768543659        859.7428975376913
3.5                       851.99805850745          871.1885609356897        841.4412027614623        857.1451148582952        855.8880203516508
4                         849.3828745279435        870.0568943519726        839.2925627495631        853.6136908134819        852.0401227928443
4.5                       846.8819137916013        868.7315507157255        837.0141325625764        850.1623289155161        848.2359471748014
5                         844.4821512597572        867.2263680801293        834.6046609144175        846.7806774798246        844.4650199664906
5.5                       842.0682570414042        865.6115171242689        832.0301732522913        843.4719425087122        840.7246689657989
6                         839.6685409851461        863.8698710324636        829.2975712351496        840.2323392428343        837.0127865040869
6.5                       837.136710952448         862.0910536431753        826.3547280851096        837.047107433081         833.3086267235469
7                         834.5256692151272        860.2417251192273        823.2177850592732        833.9187891380982        829.6167674034085
7.5                       831.6512364892887        858.4080917552634        819.7435526306322        830.7487565567295        825.8273570514704
8                         828.5820436163763        856.5580304459374        815.9853876019528        827.5737614280409        821.9813296977937
8.5                       825.3180905963894        854.6915411912496        811.943289973235         824.3938037520326        818.0786853423784
9                         821.8593774293286        852.8086239911996        807.6172597444792        821.2088835287044        814.1194239852247
9.5                       817.8782374899565        850.9229247886531        802.5019220802288        817.8749265188173        809.9314526304034
10                        813.4618970060544        849.0308109764751        796.7318098779995        814.4302858881848        805.560583154091
10.5                      808.6844028761661        847.1291988114062        790.4211289686133        810.907519882762         801.0457055488233
11                        803.545755100292         845.2180882934467        783.5698793520702        807.3066285025491        796.3868198146001
11.5                      797.6379061354513        843.2923697781783        776.0511712912212        803.4582426739327        791.4142256087518
12                        790.7278505308306        841.3491255296126        767.7925475420104        799.2656483790739        786.0310197504431
12.5                      783.1231767449262        839.3922072255186        758.889658278836         794.8565169473699        780.3651232814886
13                        774.8238847777384        837.4216148658965        749.3425035016978        790.2308483788206        774.4165362018884
13.5                      766.0704704539908        835.4200428799305        739.6453862342895        785.3032617773896        768.1955790373815
14                        757.6403141328572        833.331552621402         731.3960949726929        779.79777134705          761.7356119264032
14.5                      748.9527949324395        831.1979243407591        723.4012507554592        773.920509278292         755.0117183750264
15                        740.007912852738         829.0191580380015        715.6608535825881        767.6714755711154        748.0238983832508
15.5                      730.8056678937522        826.7952537131297        708.1749034540796        761.0506702255202        740.7721519510765
16                        722.8689856971394        824.2678890547855        701.0849257217751        754.3707843926167        733.9227643167328
16.5                      715.301090790256         821.589177276199         694.3075831163973        747.4476897425914        727.0833931076938
17                        708.0711920770474        818.7643412371632        687.8400142239781        740.2750641655487        720.2405671128846
17.5                      701.1792895575134        815.7933809376782        681.6822190445178        732.8529076614888        713.3942863323049
18                        694.4784537481333        811.7161937480555        675.6395411525973        725.6413597218675        706.7025595987006
18.5                      687.9835841976902        806.6301399504159        669.7317199009792        718.5937593863691        700.1493638494761
19                        681.7432285218907        800.8524512697236        664.0230725737758        711.5580699454948        693.6824906925059
19.5                      675.7573867207349        794.3831277059785        658.5135991709876        704.5342913992449        687.30194012779
20                        669.9248586025029        785.7970660134283        653.1320287006446        697.6134954677693        681.0289168262107
20.5                      664.1472283002132        773.7083718663238        647.8090510523003        690.8842482115057        674.8840420537306
21                        658.5262333791856        759.5497158168523        642.6163156673017        684.2549943189451        668.8459985425433
21.5                      653.0618738394205        743.3210978650142        637.5538225456487        677.7257337900879        662.9147862926486
22                        647.7370652833098        726.1361566229336        632.6070335771906        671.3074082615306        657.0908758937302
22.5                      642.4597865761506        713.9932474959389        627.697642612467         665.0589523142994        651.3768020676829
23                        637.2941587893541        702.7126678913892        622.8802140101733        658.9392998553628        645.7707985997761
23.5                      632.2401819229208        692.294417809284         618.1547477703095        652.9484508847207        640.2728654900098
24                        627.2978559768502        682.738497249624         613.5212438928759        647.0864054023731        634.8830027383843
24.5                      622.6864217495845        675.745498832745         609.1662149872166        641.7642350737406        629.9082093284698
25                        618.103977033136         668.9771839387055        604.8357014029851        636.4925103380732        624.971666442386
25.5                      613.5215323166873        662.2088690446659        600.5051878187536        631.2207856024058        620.0351235563022
26                        608.9390876002387        655.4405541506263        596.1746742345222        625.9490608667385        615.0985806702183
26.5                      604.542061867287         649.3165045593239        592.0052000011933        620.9636734606876        610.3958010596359
27                        600.2517294735626        643.5631765370914        587.9283906383689        616.1430495824378        605.8275329428693
27.5                      595.9613970798381        637.809848514859         583.8515812755445        611.3224257041882        601.2592648261026
28                        591.6710646861137        632.0565204926265        579.7747719127201        606.5018018259384        596.6909967093359
28.5                      587.5685138345232        626.6889797382036        575.8707155243806        601.9335421502476        592.3459376208565
29                        583.7904374107574        621.9880545710323        572.2651651655159        597.8013515860271        588.3865693777922
29.5                      580.0123609869918        617.2871294038612        568.6596148066512        593.6691610218065        584.4272011347276
30                        576.2342845632261        612.58620423669          565.0540644477865        589.5369704575859        580.4678328916632
30.5                      572.4562081394604        607.8852790695189        561.4485140889217        585.4047798933653        576.5084646485989
31                        568.6781317156948        603.1843539023477        557.842963730057         581.2725893291448        572.5490964055344
31.5                      564.9000552919291        598.4834287351765        554.2374133711922        577.1403987649242        568.58972816247
32                        561.1219788681635        593.7825035680054        550.6318630123276        573.0082082007036        564.6303599194056
32.5                      557.3439024443978        589.0815784008342        547.0263126534628        568.876017636483         560.6709916763411
33                        553.943632973496         584.9903707210276        543.7758693385854        565.2093480926317        557.1408288191438
33.5                      550.6206206602474        581.023843224283         540.5980413122119        561.6378722200161        553.6984335054238
34                        547.2976083469987        577.0573157275385        537.4202132858384        558.0663963474004        550.2560381917037
34.5                      543.97459603375          573.0907882307938        534.2423852594649        554.4949204747847        546.8136428779837
35                        540.6515837205013        569.1242607340491        531.0645572330914        550.9234446021691        543.3712475642637
35.5                      537.3285714072526        565.1577332373045        527.8867292067177        547.3519687295534        539.9288522505437
36                        534.0055590940038        561.1912057405599        524.7089011803444        543.7804928569377        536.4864569368236
36.5                      530.6825467807552        557.2246782438152        521.5310731539709        540.209016984322         533.0440616231035
37                        527.4772694872403        553.4236576185293        518.4651070548505        536.7746264852901        529.7309985804814
37.5                      524.5548821478926        550.0203116306384        515.667919230412         533.6696203541187        526.7286909980942
38                        521.6324948085451        546.6169656427473        512.8707314059736        530.5646142229473        523.726383415707
38.5                      518.7101074691974        543.2136196548564        510.07354358153515       527.4596080917757        520.7240758333198
39                        515.7877201298498        539.8102736669655        507.2763557570966        524.3546019606044        517.7217682509327
39.5                      512.8653327905022        536.4069276790746        504.47916793265813       521.2495958294329        514.7194606685455
40                        509.94294545115457       533.0035816911836        501.6819801082197        518.1445896982615        511.7171530861583
40.5                      507.020558111807         529.6002357032927        498.8847922837813        515.0395835670901        508.71484550377113
41                        504.09817077245935       526.1968897154018        496.0876044593428        511.9345774359186        505.712537921384
41.5                      501.28016454019996       522.9309082595464        493.38946357749586       508.94748508244265       502.82257195673515
42                        498.52162603188606       519.7431857558987        490.74775145372587       506.0275702496595        499.99660895677636
42.5                      495.79273964449413       516.5944851579192        488.1341761451384        503.1411518387111        497.20255946422014
43                        493.09350537802436       513.4848064656077        485.5487376517333        500.28822984959754       494.4404234790666
43.5                      490.4239232324767        510.4141496789643        482.9914359735109        497.4688042823185        491.71020100131585
44                        487.78399320785104       507.3825147979889        480.46227111047097       494.6828751368744        489.0118920309677
44.5                      485.17371530414744       504.3899018226817        477.96124306261345       491.93044241326504       486.3454965680223
45                        482.59308952136587       501.4363107530424        475.4883518299385        489.21150611149034       483.71101461247963
45.5                      480.04211585950645       498.5217415890714        473.043597412446         486.5260662315503        481.1084461643397
46                        477.52079431856913       495.64619433076825       470.62697981013616       483.8741227734452        478.53779122360237
46.5                      475.04836177409015       492.8268089601637        468.2575178619132        481.2739014904391        476.01743494892855
47                        472.6158875518032        490.0556282808742        465.9263821165047        478.71694111940457       473.5388420736098
47.5                      470.21778665552864       487.32767608280886       463.6280508797861        476.19795022087874       471.09667487839505
48                        467.8540590852661        484.6429523659676        461.36252415175744       473.7169287948617        468.6909333632842
48.5                      465.5247048410157        482.0014571303505        459.1298019324187        471.27387684135323       466.32161752827716
49                        463.2297239227774        479.4031903759574        456.9298842217697        468.86879436035343       463.98872737337405
49.5                      460.96911633055134       476.84815210278856       454.7627710198107        466.5016813518624        461.6922628985748
50                        458.74288206433744       474.33634231084375       452.62846232654135       464.1725378158799        459.4322241038793
