0                         293.1928848565642        609.6941826529447        293.40227310088324       293.3315399681541        293.47232554139254
1                         354.50996116052124       826.0492856213998        395.74257399324233       404.75023752177714       358.35341583108215
2                         453.31647395952183       789.1665079013575        468.4386287053484        498.89429033406844       422.07302897350576
3                         514.1627871240395        754.7156743664286        502.0071009321724        544.0645729951956        454.0860278147789
4                         549.9060792167077        732.5607005470275        517.5271553137841        567.4757899762517        472.802055681238
5                         571.50229495672          724.9337158849709        528.2046806062195        580.0806971744491        484.3114557309898
6                         584.4902658069536        724.1477919386547        535.420563509159         586.722564736932         491.917341922253
7                         590.3330023572621        723.4107151887168        538.4820586074222        589.1166559781346        496.2630069448375
8                         594.1284135250414        722.3919382034089        540.8043578475373        589.9202084625255        499.27746680451367
9                         597.5421639171473        721.4829867312912        541.7486055729333        589.529070754857         501.0678991294104
10                        600.6611384709599        720.6454406218852        541.7244822537623        588.815149218376         502.3358094115985
11                        603.7084826303978        719.7135335241568        540.1270940169458        587.6840494102532        502.8669770374721
12                        605.6095820590764        717.8089398284407        537.8581907798983        586.2918572523964        502.72758279984674
13                        610.6845224118765        714.124774840405         534.9183858691478        584.6875104810379        502.0087707383324
14                        607.817614987265         712.2006854440132        531.5573089458914        582.6071276621602        500.68418858866113
15                        601.7177409373015        705.0951565750767        528.1722478970981        580.588980069878         499.68220678853555
16                        595.2134910402347        698.3825291762815        524.7814065593773        578.6273798821225        499.17084371256243
17                        588.4974516108741        694.7239484905697        521.333259282858         576.5551800236275        499.58960365005396
18                        581.7314701363716        692.5176326126515        517.8060998146616        574.3502184973572        500.3743392227726
19                        575.2062190208516        691.9226543507324        514.2053235268087        571.9262753806594        501.27815717344
20                        569.0299538053185        688.7005140627236        510.60275916648953       569.4614219141694        501.67648784734655
21                        563.5817782952565        683.0081037936254        507.10601881501174       566.9250051420172        500.3831849634022
22                        558.6781209277386        676.065060916112         503.76602707623385       564.2132993026254        498.04521486492985
23                        553.9648133706545        671.5878129889937        500.50026102808533       561.252264306569         495.341581651284
24                        549.3250489194866        665.4015060080291        497.2910395672505        558.1709312027974        492.6975337147549
25                        545.0344793281403        659.6597969482424        494.2335505130051        555.2543688848133        489.95674194207527
26                        540.8835319124846        656.7879000502909        491.1336150119358        552.3663015335311        486.80539938767726
27                        536.7732551555459        649.0756218205958        488.1271675150437        549.6884807277642        483.56295171490785
28                        532.5259291372424        638.349268634697         485.1741899020725        546.9533847273536        480.3704690517305
29                        528.1463616398418        627.4219276714512        482.1918156052883        543.9853770298345        477.1910471782919
30                        523.7606290758491        616.7881085211164        479.19365521353103       540.8507983889762        474.0023269291226
31                        519.4217793592577        607.5432121826647        476.1936780586248        537.7386210570763        470.7772613979405
32                        515.1993072942244        598.6067447190213        473.25542687760424       534.7837610946956        467.52599704365616
33                        511.2528550828371        590.4545425488421        470.55853855743396       531.9590569276791        464.26314930502434
34                        507.7256990960077        582.3825479862697        468.197429923602         529.411038956342         461.00928343914234
35                        504.568562487286         574.8141753390097        466.0441683191042        527.3161100461131        457.79616056423146
36                        501.57606785780627       568.0702169486451        463.929102322167         525.2572733453711        454.63763136062397
37                        498.6298663537989        561.671909200547         461.7643115712672        522.400194913941         451.5629663268348
38                        495.65886357319704       555.3980722868058        459.5049671216286        518.6408848394595        448.54992510491155
39                        492.62071164268565       549.1620078331749        457.12164298328145       514.0411842131365        445.56717624899585
40                        489.48397732558107       542.940539974188         454.587103354623         508.7504129441784        442.58936609052927
41                        486.27847954856696       536.7555323704248        451.95901330703913       503.25045739967396       439.6021626077002
42                        483.0150158384582        530.6451914601878        449.2565110613907        497.68201775415173       436.6119776476127
43                        479.65745821704786       524.7599186186656        446.4437356876526        492.25740038531825       433.6286248685928
44                        476.29990059563744       518.8746457771433        443.6309603139144        486.8327830164846        430.64527208957287
45                        472.9339713438344        513.0873447373191        440.81111486772465       481.5252440968002        427.678895279334
46                        469.5451765762995        507.56763503489645       437.9719588637005        476.53748268702856       424.7588850981771
47                        466.1563818087646        502.0479253324738        435.1328028596763        471.5497212772571        421.8388749170201
48                        462.8259991396296        496.7877546633114        432.35525337889914       466.8614933547315        419.0117562461284
49                        459.61130726019195       492.04162605970805       429.6997215540561        462.7665203679045        416.3686181627029
50                        456.3966153807543        487.2954974561047        427.04418972921314       458.6715473810775        413.7254800792775
51                        453.18192350131665       482.5493688525014        424.3886579043701        454.57657439425054       411.08234199585195
52                        449.96723162187897       477.8032402488981        421.7331260795271        450.48160140742357       408.43920391242654
53                        446.75253974244134       473.0571116452948        419.07759425468413       446.38662842059654       405.796065829001
54                        443.66604790787943       468.64308322370414       416.54172146121283       442.62592433901926       403.2998932637189
55                        440.7238292203913        464.6027921003273        414.14050997030614       439.2413981829336        400.9691120431466
56                        437.7816105329032        460.56250097695045       411.73929847939945       435.856872026848         398.6383308225744
57                        434.83939184541504       456.5222098535736        409.33808698849276       432.47234587076235       396.3075496020021
58                        431.89717315792694       452.4819187301967        406.9368754975861        429.08781971467675       393.9767683814299
59                        428.9549544704388        448.44162760681985       404.5356640066793        425.7032935585911        391.64598716085766
60                        426.2001950398206        444.77261591805274       402.29833770921005       422.65556989251314       389.5009630970027
61                        423.56756691796056       441.3454959556319        400.1677840165979        419.82727592857134       387.4769614091023
62                        420.9349387961005        437.91837599321104       398.0372303239858        416.9989819646295        385.4529597212019
63                        418.3023106742404        434.49125603079017       395.90667663137367       414.1706880006876        383.42895803330157
64                        415.6696825523803        431.06413606836935       393.77612293876155       411.3423940367458        381.40495634540116
65                        413.03705443052024       427.63701610594853       391.6455692461494        408.51410007280407       379.3809546575008
66                        410.4975369620685        424.36897591601877       389.59191499792865       405.8176334636805        377.44029930111446
67                        408.02377894087186       421.2132858979065        387.5925710221879        403.21426999226054       375.55850733458186
68                        405.5880918036613        418.12264007550476       385.6246695261081        400.6648078065449        373.7107938370706
69                        403.19047555043693       415.0970384488138        383.6882105096894        398.1692469065336        371.8971588085807
70                        400.83093018119854       412.13648101783355       381.78319397293177       395.72758729222676       370.1176022491123
71                        398.5094556959464        409.24096778256404       379.90961991583526       393.33982896362426       368.3721241586654
72                        396.22605209468037       406.4104987430052        378.06748833839976       391.00597192072615       366.66072453723984
73                        393.9807193774004        403.64507389915707       376.25679924062536       388.7260161635324        364.98340338483575
74                        391.7734575441067        400.94469325101966       374.4775526225121        386.4999616920431        363.3401607014531
75                        389.604266594799         398.30935679859294       372.7297484840598        384.32780850625807       361.7309964870919
76                        387.49856464485816       395.7503788429135        371.03316267142145       382.2165006054496        360.17126347484805
77                        385.4454030939315        393.2628858613591        369.3792769355875        380.16304693100676       358.6543486276622
78                        383.43670415423423       390.8432822088029        367.76180658211496       378.16524070435236       357.17537290088455
79                        381.4724678257665        388.49156788524493       366.180751611004         376.22308192548627       355.7343362945149
80                        379.55269410852827       386.2077428906852        364.63611202225445       374.3365705944087        354.3312388085533
81                        377.6773830025195        383.9918072251236        363.1278878158663        372.50570671111956       352.96608044299967
82                        375.84653450774033       381.8437608885602        361.6560789918397        370.7304902756188        351.63886119785417
83                        374.06014862419056       379.763603880995         360.2206855501746        369.01092128790646       350.34958107311667
84                        372.31822535187035       377.751336202428         358.82170749087095       367.3469997479825        349.0982400687872
85                        370.62076469077965       375.8069578528592        357.4591448139287        365.7387256558471        347.8848381848658
86                        368.9481816475611        373.8766417277707        356.1134092084016        364.1362437053223        346.68347170147615
87                        367.30891226328106       371.9835733169867        354.79293814437443       362.5610285736071        345.50529838827686
88                        365.70918058003446       370.1448586852506        353.5039567182603        361.0289241018835        344.3585503564554
89                        364.1489865978213        368.3604978325623        352.24646493005906       359.53993029015146       343.24322760601194
90                        362.62833031664155       366.63049075892184       351.02046277977087       358.0940471384111        342.1593301369465
91                        361.1472117364952        364.9548374643293        349.8259502673956        356.6912746466623        341.10685794925894
92                        359.70563085738235       363.3335379487845        348.6629273929334        355.33161281490516       340.0858110429494
93                        358.3035876793029        361.76659221228766       347.53139415638407       354.0150616431395        339.0961894180177
94                        356.94108220225695       360.2540002548386        346.4313505577478        352.74162113136566       338.13799307446396
95                        355.61811442624435       358.79576207643737       345.36279659702456       351.5112912795833        337.2112220122882
96                        354.30644056412393       357.33799269020955       344.30255279931447       350.28144304950445       336.28811310331406
97                        353.01822634625097       355.9039025182288        343.2606034928522        349.07043847531804       335.3806250388289
98                        351.76244754896993       354.51061602004773       342.24431503334085       347.8918249156537        334.49758084344666
99                        350.5391041722808        353.15813319566655       341.2536874207804        346.74560237051145       333.6389805171675
100                       349.3481962161838        351.84645404508535       340.2887206551709        345.63177083989126       332.80482405999123
