0                         923.1735969895482        923.1500175742925        922.8391976996951        923.1516138784273        923.1521714497585
0.5                       912.6968332278402        922.9910368061383        879.7670256156568        918.3003964013836        917.6462493719584
1                         898.3816565451175        920.9457457975608        873.4291745015227        906.2750965978853        904.1746377635919
1.5                       887.7262681845639        915.8155051306039        869.4816862041982        895.3367228889127        892.8178656242993
2                         879.7858917404787        908.5461027625824        866.04867155248          886.8343254973107        884.4676931300079
2.5                       873.6899526130577        900.8724149761691        862.8199987935534        880.0973510522105        877.9346692048083
3                         868.8412063504363        894.3717886566043        859.6473405226106        874.4951719399181        872.4546886585902
3.5                       864.8581255285875        889.3747748920377        856.5221596445515        869.6365278073415        867.6221322865372
4                         861.3757719643532        885.258421370479         853.433277364261         865.2356287521105        863.1682570384258
4.5                       858.2394090773654        881.7128339729263        850.3714175848755        861.1859267820012        858.9978027878906
5                         855.342470304888         878.5759718831956        847.3186295641477        857.4294789758897        855.0624836157946
5.5                       852.6596465704964        875.8080022415049        844.2714207058259        853.9512458081958        851.3493139715144
6                         850.0525272513539        873.2379457989126        841.2028201901159        850.6604349526147        847.7774329124245
6.5                       847.5060253764916        870.8462664800238        838.1100391643078        847.547313836248         844.3382153717391
7                         844.902465341354         868.5234503589645        834.9357729487261        844.502287093298         840.9285859682981
7.5                       842.2401172532738        866.2677642891891        831.6792813481039        841.5238404545919        837.5471323704394
8                         839.5393395792636        864.0996050314043        828.3492754467836        838.6297947939855        834.2104757871509
8.5                       836.8001323193238        862.01897258561          824.9457552447653        835.8201501114788        830.9186162184328
9                         833.903847220854         859.9777350290251        821.3214069013194        832.9827669719257        827.5468572616352
9.5                       830.9016650342307        857.9966548075432        817.5397765095752        830.1660184470885        824.1489886297711
10                        827.8055683910549        856.080592903828         813.6157417221273        827.3812298241916        820.7376037746794
10.5                      824.615557291326         854.2295493178792        809.549302538976         824.6284011032343        817.31270269636
11                        820.6591345839902        852.3192244965402        804.4648723261165        821.5560961748434        813.4623225156223
11.5                      816.2929484294926        850.4155387294483        798.826804518859         818.3506935860889        809.4049411885511
12                        811.5438249327377        848.5234503615526        792.6700265200333        815.026212224519         805.1569920329626
12.5                      806.4117640937257        846.6429593928534        785.9945383296393        811.5826520901339        800.718475048857
13                        800.8967659124563        844.7740658233506        778.8003399476771        808.0200131829336        796.0893902362343
13.5                      794.9988303889298        842.9167696530443        771.0874313741467        804.3382955029178        791.2697375950943
14                        788.7179575231462        841.0710708819344        762.8558126090481        800.5374990500869        786.2595171254374
14.5                      782.0712210744349        839.2196067418079        754.2660487669685        796.5592401580776        781.0390675189144
15                        775.2588578758615        837.1587509747873        747.2012078603441        791.7188096055887        775.3778058065614
15.5                      768.1154409425919        835.0567307614469        740.1055807882759        786.5818844473059        769.4662296342207
16                        760.6409702746259        832.9135461017872        732.979167550764         781.1484646832292        763.3043390018922
16.5                      752.8354458719637        830.7291969958076        725.8219681478084        775.4185503133584        756.892133909576
17                        744.698867734605         828.5036834435085        718.633982579409         769.3921413376939        750.2296143572722
17.5                      736.23123586255          826.2370054448899        711.415210845566         763.0692377562356        743.3167803449807
18                        727.4325502557987        823.9291629999514        704.165652946279         756.449839568983         736.1536318727015
18.5                      718.7541197877204        821.2069520703637        697.0645063005984        749.6771315410265        728.974265002514
19                        711.7269445336759        816.8043319365142        690.7196722334446        743.2368472776158        722.5728167652501
19.5                      704.8922966851156        811.9275787013088        684.5519459611032        736.666182675127         716.1926380990864
20                        698.2501762420395        806.5766923647473        678.5613274835745        729.9651377335605        709.8337290040229
20.5                      691.8005832044477        800.7516729268299        672.7478168008581        723.1337124529161        703.4960894800596
21                        685.5435175723401        794.4525203875563        667.1114139129545        716.1719068331938        697.1797195271964
21.5                      679.4789793457165        787.6792347469268        661.6521188198631        709.0797208743937        690.8846191454337
22                        673.6069685245773        780.4318160049412        656.3699315215842        701.8571545765157        684.6107883347709
22.5                      667.8628694828033        772.5257882053354        651.1767319540329        694.8218079705778        678.4581915541554
23                        662.1572215072728        763.7057433053104        645.950517371947         688.4134001612139        672.5652301829651
23.5                      656.5983355538257        754.2809063074335        640.8389976861166        682.0995589499241        666.764340324525
24                        651.1862116224621        744.2512772117047        635.8421728965423        675.8802843367085        661.0555219788353
24.5                      645.9208497131821        733.616856018124         630.9600430032235        669.7555763215671        655.4387751458958
25                        640.8022498259855        722.3776427266914        626.1926080061608        663.7254349044998        649.9140998257066
25.5                      635.8304119608724        710.5336373374071        621.5398679053536        657.7898600855067        644.4814960182675
26                        631.005336117843         698.0848398502707        617.0018227008026        651.9488518645877        639.1409637235787
26.5                      626.4669781644345        688.0492000510599        612.715968145704         646.5619844923183        634.1621803947022
27                        622.1223005170397        681.1992379671989        608.6126390721943        641.5984703688599        629.5064665028085
27.5                      617.7776228696449        674.349275883338         604.5093099986846        636.6349562454016        624.8507526109149
28                        613.43294522225          667.499313799477         600.4059809251748        631.6714421219433        620.1950387190212
28.5                      609.0882675748553        660.649351715616         596.302651851665         626.707927998485         615.5393248271275
29                        604.7435899274604        653.7993896317552        592.1993227781553        621.7444138750268        610.883610935234
29.5                      600.3989122800657        646.9494275478943        588.0959937046455        616.7808997515684        606.2278970433404
30                        596.0542346326708        640.0994654640333        583.9926646311358        611.8173856281102        601.5721831514467
30.5                      591.9923218779521        634.3323961074897        580.1383833263604        607.2622845084096        597.2625949411729
31                        588.1151412278563        629.2727874639965        576.446806514475         602.974002204247         593.1791328423288
31.5                      584.2379605777605        624.2131788205031        572.7552297025899        598.6857199000845        589.0956707434848
32                        580.3607799276648        619.1535701770099        569.0636528907046        594.3974375959218        585.0122086446407
32.5                      576.4835992775689        614.0939615335167        565.3720760788193        590.1091552917593        580.9287465457967
33                        572.6064186274732        609.0343528900235        561.680499266934         585.8208729875967        576.8452844469526
33.5                      568.7292379773774        603.9747442465301        557.9889224550487        581.5325906834341        572.7618223481086
34                        564.8520573272816        598.9151356030368        554.2973456431635        577.2443083792714        568.6783602492645
34.5                      561.2885566564205        594.4871573972521        550.8953304155267        573.361597661942         564.9578644693188
35                        557.8379368622162        590.2864777194309        547.5975168189788        569.6248359349834        561.367985748116
35.5                      554.3873170680121        586.0857980416097        544.2997032224309        565.8880742080248        557.7781070269131
36                        550.9366972738079        581.8851183637885        541.001889625883         562.1513124810662        554.1882283057103
36.5                      547.4860774796038        577.6844386859674        537.7040760293349        558.4145507541075        550.5983495845074
37                        544.0354576853995        573.4837590081462        534.4062624327871        554.6777890271488        547.0084708633045
37.5                      540.5848378911953        569.283079330325         531.1084488362392        550.9410273001902        543.4185921421017
38                        537.134218096991         565.0823996525038        527.8106352396912        547.2042655732315        539.8287134208988
38.5                      533.8175820848754        561.0912094555202        524.6382557049383        543.6297543816996        536.3886431684214
39                        530.5547491515254        557.1841427163343        521.5162459880951        540.120397182698         533.0087306209806
39.5                      527.3273434872458        553.3324680558713        518.4274028693917        536.6539413952382        529.6684296209063
40                        524.1353650920364        549.536185474131         515.3717263488281        533.2303870193207        526.3677401681986
40.5                      520.9788139658971        545.7952949711133        512.3492164264043        529.8497340549455        523.1066622628571
41                        517.8576901088281        542.1097965468184        509.35987310212045       526.5119825021122        519.885195904882
41.5                      514.7719935208295        538.4796902012463        506.40369637597627       523.2171323608212        516.7033410942734
42                        511.7217242019009        534.9049759343968        503.48068624797196       519.9651836310725        513.5610978310311
42.5                      508.70688215204274       531.3856537462702        500.5908427181075        516.7561363128656        510.4584661151555
43                        505.7274673712546        527.9217236368663        497.73416578638273       513.5899904062011        507.39544594664613
43.5                      502.81016978723426       524.522082598349         494.93811901622485       510.489074469594         504.39675634358673
44                        499.93772623877504       521.1809760175281        492.18493885547554       507.43894629437574       501.4464089376729
44.5                      497.1063834297354        517.897152746527         489.4707632147427        504.4364659060408        498.54092759377806
45                        494.31614136011535       514.6706127853456        486.7955920940262        501.4816333045891        495.6803123119022
45.5                      491.5670000299147        511.50135613398413       484.15942549332607       498.57444849002076       492.8645630920453
46                        488.85895943913386       508.3893827924424        481.5622634126423        495.71491146233575       490.09367993420733
46.5                      486.19201958777234       505.3346927607206        479.00410585197505       492.903022221534         487.36766283838847
47                        483.56618047583044       502.33728603881866       476.4849528113241        490.1387807676155        484.68651180458846
47.5                      480.98144210330815       499.3971626267365        474.0048042906895        487.42218710058035       482.05022683280737
48                        478.4378044702055        496.5143225244741        471.56366029007125       484.75324122042844       479.45880792304524
48.5                      475.9229031172862        493.64980732124343       469.15102551414236       482.1092122091018        476.8939707001191
49                        473.44473543050987       490.82881548642257       466.7736883655241        479.5048025231697        474.3675415773456
49.5                      471.00504017356536       488.05682558310656       464.4331247549756        476.9432087193259        471.88209181215217
50                        468.6038173464528        485.3338376112953        462.129334682497         474.4244307975707        469.4376214045388
