0                         293.1287802185873        633.0935026056851        293.3771838793321        293.20848725824504       293.4517899160437
1                         356.16861257971067       863.4575519870198        397.3489610882728        406.64450575963633       366.636795914052
2                         456.8466303274931        824.0350854301086        475.22198946927875       506.40592370209475       436.27360238975757
3                         519.0804702822253        783.8294694464212        504.5120609358863        555.1504481230857        470.3049191759086
4                         554.8156875361844        754.6275393093463        518.1591577176267        578.3157818029035        491.75037215340893
5                         576.7941550665008        735.0196528190852        526.934894323532         590.1035388582421        503.3338385023717
6                         588.4681982856198        740.2961272906075        532.1436572204502        594.4539988566515        509.1151884563655
7                         595.3588959946342        656.1799592692707        533.7910734399534        596.2784210793677        512.8982585622575
8                         598.9698536227793        642.7228183125853        533.3477640772486        597.0849529475613        515.6034242754903
9                         599.5784864032282        727.4631640297648        532.4184652863897        596.7930250758147        517.695695042112
10                        599.384799647092         720.3629860377358        532.9073853157792        596.8966882896539        520.0373116649174
11                        598.2531034241249        713.8692534005708        532.506866285294         596.3907361225894        521.8386880248685
12                        596.4713087733123        712.1976401397966        531.5225097508991        595.3824285348928        522.7988585909803
13                        593.9401773091018        710.9705346987037        529.8856391406457        593.7006839895897        522.142223783581
14                        590.6307070194978        706.5978422377416        527.7347328581875        591.6066048217172        519.930326593057
15                        587.2298973508613        701.8445511548202        525.5240990768959        589.4654951179072        517.5378102314664
16                        583.3229063337083        697.1940827941634        522.9588986051047        586.7563829376152        514.431691013398
17                        579.2590482770921        692.5754794875598        520.2838169075552        583.8712451744871        511.1044242406513
18                        575.1701218834429        686.7211452638738        517.6250376748827        581.0971409375112        507.72759123908855
19                        570.8978248828748        678.3702751761119        514.8102135776926        578.1026361966856        504.12869393373694
20                        566.558087074518         669.2788942850674        511.91765245246177       575.0121811672855        500.46947405720516
21                        562.1549864931168        660.1877347299849        508.89717611040925       571.9027762396576        496.7885331744755
22                        557.7412237556704        651.1819533107841        505.83240446390806       568.796873882741         493.1214073515078
23                        553.3188244794478        643.1686328591618        502.69757934372456       565.6283648502584        489.504647238178
24                        548.9291990077596        638.2721034109571        499.60201819508177       562.5378346966637        486.0580009417651
25                        544.3548982495382        635.2630530716335        496.2995003341782        559.2458649390727        482.78228287014144
26                        539.7108164068459        633.5349610412046        492.90017157294164       555.9630254953761        479.70196515806504
27                        535.0727622793745        630.1793797746028        489.39804541980726       552.7398951266296        477.13302937332537
28                        530.530829808376         625.0639012947424        485.90462984448135       549.6127170812701        474.84826324497703
29                        526.0774282062723        619.1003492449032        482.4699457057324        546.7273299010251        472.67376503298726
30                        521.7479595926219        611.0948433712339        479.1776720990429        544.2817119458225        470.5129998986178
31                        517.7003262127157        601.6864520002337        476.2050252518235        542.00867895322          468.1897961659641
32                        513.9462586558111        592.9286960260436        473.47118095867637       538.9947185863183        465.5687616800523
33                        510.41094456988344       584.7037526306127        470.866278009482         535.6492174007714        462.6987438546778
34                        507.01974739741564       576.9927733179259        468.33718877800544       532.6877200703927        459.66707354623145
35                        503.7439012247483        570.0234892418413        465.8824118758685        530.3620631917365        456.533694927538
36                        500.59569194627426       563.813934647919         463.5175210012719        527.4955369481128        453.40892622836725
37                        497.5047978005557        557.8257763739905        461.16140312956463       523.6409758271302        450.33544718501076
38                        494.4203554117013        551.8712127070405        458.7523072468806        518.9927591565247        447.30679905212793
39                        491.3251163939141        545.923068546805         456.2956544003234        513.9337506592022        444.2990508230577
40                        488.1955655266522        539.9648274687836        453.7541860826899        508.4159155570753        441.3110189167156
41                        485.00928719907483       534.0165577604427        451.1197903290861        502.7168876466316        438.3292972132145
42                        481.77631742858523       528.1313279123697        448.42203732557624       497.04006187556007       435.35775761698585
43                        478.46487463844994       522.4026032763712        445.6299072663999        491.5585258180949        432.4079300233609
44                        475.15343184831465       516.6738786403727        442.8377772072237        486.07698976062966       429.458102429736
45                        471.83222087924815       511.037979014136         440.03861644726476       480.73407093683113       426.52883487827484
46                        468.486409998585         505.6358473246028        437.2217497649498        475.7402419196372        423.65134516823247
47                        465.1405991179218        500.2337156350695        434.4048830826348        470.74641290244324       420.77385545819016
48                        461.84381908376855       495.04815385709884       431.6420888037868        466.0227300301621        417.9773629713959
49                        458.66657251165617       490.390572996157         429.0111189180986        461.95764284318955       415.37833553364186
50                        455.48932593954385       485.7329921352151        426.3801490324103        457.892555656217         412.7793080958877
51                        452.31207936743147       481.0754112742733        423.7491791467221        453.82746846924437       410.18028065813365
52                        449.1348327953191        476.41783041333144       421.1182092610339        449.76238128227175       407.58125322037955
53                        445.9575862232067        471.76024955238955       418.4872393753456        445.6972940952992        404.98222578262545
54                        442.86305307348323       467.3137400989492        415.9345512269056        441.85222994289774       402.4777862164779
55                        439.95773354661327       463.35007350874383       413.56093886423577       438.5104862224178        400.18972403320004
56                        437.05241401974337       459.3864069185384        411.18732650156585       435.1687425019378        397.9016618499222
57                        434.1470944928734        455.42274032833296       408.81371413889593       431.82699878145786       395.6135996666444
58                        431.2417749660035        451.4590737381276        406.440101776226         428.4852550609779        393.3255374833666
59                        428.3364554391336        447.49540714792215       404.06648941355616       425.143511340498         391.0374753000887
60                        425.52979151263423       443.72435977895526       401.77950084057954       421.9794239974577        388.84609096623745
61                        422.9352209351254        440.3674121221079        399.6787391983529        419.1972687081391        386.86254814144445
62                        420.34065035761654       437.01046446526055       397.5779775561263        416.4151134188205        384.8790053166515
63                        417.7460797801077        433.6535168084131        395.4772159138996        413.63295812950196       382.89546249185855
64                        415.15150920259885       430.29656915156573       393.37645427167297       410.85080284018335       380.9119196670656
65                        412.55693862509          426.9396214947183        391.2756926294463        408.0686475508648        378.9283768422726
66                        410.00137105515455       423.6485672582333        389.2071891028559        405.3416252556815        376.9793568703526
67                        407.5495515344121        420.53278960277584       387.2244922044238        402.7612567942303        375.1221677304886
68                        405.1350610637389        417.48007730922194       385.27266894596585       400.2336550917188        373.2980197683083
69                        402.7578996431349        414.49043037757156       383.3517193274818        397.7588201481469        371.5069129838116
70                        400.41806727260024       411.5638488078247        381.4616433489719        395.33675196351476       369.74884737699864
71                        398.1155639521348        408.70033259998144       379.60244101043605       392.96745053782223       368.02382294786923
72                        395.8503896817386        405.89988175404164       377.7741123118742        390.6509158710694        366.3318396964236
73                        393.6225444614116        403.1624962700054        375.97665725328636       388.38714796325627       364.67289762266154
74                        391.432028291154         400.48817614787276       374.21007583467264       386.1761468143828        363.0469967265831
75                        389.27884117096545       397.8769213876436        372.4743680560329        384.0179124244489        361.4541370081883
76                        387.1738945926586        395.3338760428454        370.77799222584844       381.9154466884758        359.9009637572669
77                        385.13260218217056       392.86630662829          369.1328965914564        379.8729900978419        358.396864142212
78                        383.1350250373292        390.46481325789244       367.5236250274937        377.88505719811207       356.92969502207615
79                        381.1811631581345        388.12939593165277       365.95017753396047       375.9516479892864        355.49945639685967
80                        379.2710165445865        385.86005464957094       364.4125541108566        374.07276247136485       354.1061482665623
81                        377.40458519668505       383.656789411647         362.9107547581821        372.24840064434744       352.74977063118405
82                        375.5818691144302        381.519600217881         361.44477947593697       370.47856250823406       351.430323490725
83                        373.802868297822         379.44848706827275       360.0146282641212        368.7632480630249        350.1478068451851
84                        372.0675827468604        377.44344996282246       358.6203011227348        367.1024573087197        348.90222069456445
85                        370.3760124615455        375.50448890153          357.2617980517778        365.49619024531876       347.69356503886297
86                        368.7199642271748        373.6094448369405        355.93088446718673       363.92356753204916       346.51119157234007
87                        367.0878642691611        371.72701579179267       354.6159281558153        362.3550949114783        345.3400584469723
88                        365.4946842989108        369.8976936701297        353.3319764245667        360.82892584055304       344.1996236369865
89                        363.94042431642384       368.12147847195155       352.07902927344094       359.3450603192734        343.0898871423827
90                        362.42508432170024       366.3983701972583        350.85708670243804       357.90349834763936       342.01084896316087
91                        360.94866431474          364.72836884604993       349.6661487115579        356.50423992565095       340.96250909932104
92                        359.51116429554315       363.1114744183265        348.5062153008007        355.14728505330805       339.94486755086325
93                        358.1125842641096        361.54768691408793       347.37728647016627       353.8326337306108        338.9579243177874
94                        356.75292422043947       360.03700633333426       346.27936221965473       352.5602859575591        338.00167940009356
95                        355.43218416453266       358.5794326760655        345.2124425492659        351.330241734153         337.07613279778167
96                        354.13843507379516       357.1525245147462        344.16673136582585       350.1245885849008        336.1697441229308
97                        352.85482595340204       355.72458098065187       343.1283906608905        348.9180232605685        335.2662113679285
98                        351.6031550705933        354.33660997956946       342.11532113464193       347.74327777458166       334.38662263601003
99                        350.383422425369         352.9886115114991        341.12752278708007       346.60035212694015       333.5309779271753
100                       349.1956280177292        351.6805855764406        340.164995618205         345.4892463176442        332.6992772414243
