0                         973.0153354606613        973.1585188677327        972.9129693122356        973.1825627744445        973.2032310626201
1                         855.9279916001111        966.4815636437713        916.3725031038388        921.9955977820958        924.0066569288479
2                         802.1087915303771        928.1957610867304        868.5090482602391        853.2923661834234        861.5512062377452
3                         750.1779291131553        879.9923199639148        820.5777216752681        806.9291393302657        818.8626651236276
4                         750.7254214426902        838.9073721721218        784.9825070642643        777.7024016276383        789.4347380949656
5                         740.5901546426435        806.755687067007         760.3348014549144        759.3300117566445        768.4063871686838
6                         734.8727634666801        784.3617784329949        746.1963778414232        748.328533819832         755.1563342855666
7                         730.6439557522998        767.5058496643268        770.7995649207072        740.8647458361895        744.2889708069222
8                         730.3436995995855        754.4245008427563        642.9834707329534        739.1383432776621        739.8789819923041
9                         727.3379074868103        744.8557432165537        731.8287761128115        732.6656405919           737.0624438400058
10                        727.6842235660208        738.9372422515373        727.8975524994405        729.8404269752331        731.8348647446999
11                        728.4658435963272        734.7597108869745        726.3768453548743        728.1436173900045        727.2687001763785
12                        727.9629717387566        731.6740746485073        725.6854539397555        727.8279644782193        727.4257658566535
13                        720.4511127167359        729.763939746434         725.0908898186092        727.2913543119696        727.0073615996354
14                        709.827836842352         728.5845632275549        724.5037882577778        726.7100477897188        726.7788734505245
15                        698.8681142892342        727.4895224757408        723.9168223357683        726.1232525603835        726.5717133047291
16                        689.2656421010952        726.9723330275184        722.1740237432057        724.7393067009732        726.4026799253263
17                        680.0837856610246        726.6342213416634        720.0730293189005        723.1083215942406        726.2454621392594
18                        670.8439558442477        726.502679283294         716.1825468746239        717.8137913937285        725.8107113321167
19                        662.0673938033331        726.5115325838156        709.0116122510585        705.2587940542764        725.8824435861064
20                        653.8406974968636        726.5078802935701        698.202607644923         695.0035344898708        725.9617060731772
21                        646.0950304556884        726.5212849298954        688.2464712020774        684.7471926952024        719.88840643866
22                        638.5106514633808        726.5566777565017        678.3298567750765        675.9643325069407        708.0032090123962
23                        631.5713877120911        726.5125214980103        669.5471709428987        665.2929652006736        704.9664586266734
24                        627.6976701255535        726.5291291968013        667.8017809105278        637.7788576342165        723.850758226694
25                        616.2578828626926        726.6154507255181        668.2413061851196        643.9894627109378        726.6838441725286
26                        608.5109207427373        726.6056927348181        664.932029594691         640.6005325441021        726.1624479664813
27                        602.1369878926286        727.2263337016371        659.0611217989846        632.1147504211715        729.2818194530954
28                        595.2905209306016        732.6263098420877        651.3614934580567        620.2998713758354        715.35118761379
29                        589.156158439315         744.2706974262754        643.4667078324412        621.5304535097985        673.5500852226872
30                        584.2072667005614        727.1118529757028        631.4218575150346        620.1069100686881        659.9432375410664
31                        579.9978974632454        726.4858966552695        619.968959145143         615.441239586396         647.5110234191112
32                        575.5803843491999        733.6623985263232        610.0182311941851        609.525075433448         635.7345293498014
33                        571.075876025129         741.139225848833         600.8084838562855        604.3792954109387        625.6863039678523
34                        566.6056566244004        728.189560541835         592.4676970130266        599.9509454249514        619.2237868728776
35                        562.2186169473798        728.7998264679933        585.1938701079627        595.6007491962135        613.3983484148326
36                        557.8425028663789        722.9261537866648        578.5790362122052        589.7678144660454        606.0408605307089
37                        553.2653986077049        715.0851918048174        572.067853170335         582.881870849015         597.8943394477002
38                        548.4426797584656        677.8230651284657        565.5185068327717        575.5160369353766        589.3789228333528
39                        543.4844818439108        638.065776091432         558.9492845999588        567.9925967259552        580.7651455112683
40                        538.3618181001716        615.5658015985348        552.3576690625224        560.4360293586511        572.1872404677359
41                        533.1608744309768        599.2429345839308        545.8033225672625        553.0804942697116        563.8770836420263
42                        527.9610858801267        585.9568868110846        539.349502035047         545.9778537929751        555.8824356966875
43                        522.8237092882194        575.8869743821198        533.1290350759573        539.3808554849087        548.5057647793109
44                        517.6863326963121        565.8170619531551        526.9085681168677        532.783857176842         541.1290938619344
45                        512.6097604258662        556.3308841144067        520.8070268427472        526.3688393044822        533.9729897472383
46                        507.686316076518         548.3147673194172        515.0049847237318        520.4121159271589        527.3723549667251
47                        502.7628717271698        540.2986505244277        509.2029426047166        514.4553925498357        520.7717201862117
48                        498.00021204980874       532.836372124223         503.6493973103338        508.78579682714303       514.5166790074943
49                        493.629533132598         526.7243094647656        498.70166831056696       503.81619641452096       509.10416865625336
50                        489.25885421538715       520.6122468053082        493.7539393108002        498.84659600189883       503.69165830501237
51                        484.88817529817624       514.5001841458509        488.80621031103334       493.87699558927676       498.27914795377154
52                        480.5174963809654        508.3881214863935        483.85848131126653       488.90739517665463       492.86663760253055
53                        476.1468174637546        502.2760588269361        478.9107523114998        483.9377947640325        487.45412725128955
54                        471.94508091307705       496.5331242783134        474.1964268801098        479.20918558593235       482.32720998513287
55                        468.12981364757763       491.6346000458279        470.01603093058753       475.03186328779583       477.85360992832483
56                        464.3145463820783        486.7360758133425        465.83563498106525       470.8545409896593        473.3800098715168
57                        460.49927911657886       481.83755158085705       461.655239031543         466.67721869152274       468.90640981470875
58                        456.68401185107945       476.93902734837155       457.4748430820207        462.49989639338617       464.43280975790066
59                        452.86874458558003       472.0405031158861        453.29444713249836       458.32257409524965       459.95920970109256
60                        449.21632394466394       467.41901091028643       449.32243625398706       454.3500978893324        455.7232977663759
61                        445.91399681947246       463.3930920947338        445.7984190770428        450.8180071614133        451.99837628369903
62                        442.6116696942811        459.36717327918115       442.27440190009855       447.2859164334942        448.2734548010222
63                        439.30934256908967       455.34125446362845       438.75038472315435       443.753825705575         444.5485333183454
64                        436.00701544389824       451.3153356480758        435.2263675462101        440.22173497765596       440.82361183566854
65                        432.70468831870676       447.28941683252316       431.70235036926584       436.68964424973683       437.09869035299164
66                        429.46127767955034       443.3500631715241        428.2490673674117        433.2262704343826        433.45153628202416
67                        426.37458496733683       439.640972930497         424.98393736024866       429.94568369286577       430.0112436239993
68                        423.3442801234939        436.0147325820714        421.78650571092584       426.73086462490375       426.64538070321964
69                        420.3703631480216        432.4713421262473        418.65677241944326       423.5818132304966        423.353947519685
70                        417.4528340409199        429.0108015630245        415.594737485801         420.49852950964436       420.1369440733955
71                        414.59169280218885       425.6331108924032        412.60040090999894       417.48101346234694       416.99437036435125
72                        411.7869394318283        422.3382701143833        409.6737626920371        414.52926508860446       413.926226392552
73                        409.0385739298384        419.1262792289648        406.8148228319156        411.6432843884168        410.9325121579979
74                        406.34659629621905       415.99713823614775       404.0235813296344        408.82307136178406       408.013227660689
75                        403.7110065309703        412.9508471359321        401.3000381851934        406.06862600870613       405.1683729006251
76                        401.13892006428523       409.98585190042763       398.64818158347845       403.38345430117363       402.3993429133908
77                        398.6403881871573        407.09995730234465       396.0736452536861        400.7725087921222        399.7081083329779
78                        396.2024086567244        404.29600306429944       393.5691414637946        398.2293829118784        397.0921199682655
79                        393.8249814729864        401.57398918629224       391.13467021380404       395.7540766604422        394.5513778192534
80                        391.5081066359434        398.93391566832275       388.7702315037144        393.34659003781366       392.0858818859418
81                        389.2517841455953        396.37578251039116       386.4758253335257        391.00692304399274       389.6956321683307
82                        387.0560140019422        393.89958971249735       384.25145170323793       388.7350756789794        387.3806286664199
83                        384.920796204984         391.5053372746415        382.09711061285105       386.5310479427736        385.14087138020966
84                        382.8461307547207        389.1930251968234        380.01280206236515       384.39483983537565       382.9763603096998
85                        380.8320176511524        386.96265347904307       377.9985260517801        382.32645135678507       380.8870954548904
86                        378.8619665006694        384.7817956391231        376.0301066481637        380.3033461050055        378.8450659529074
87                        376.9126828937601        382.6046458720144        374.073392812106         378.29368904993044       376.8107035238174
88                        375.0143002302035        380.49045807874626       372.17256196406896       376.3386616470799        374.83519327266475
89                        373.1668185099995        378.4392322593187        370.3276141040525        374.43826389645415       372.9185351994496
90                        371.3702377331481        376.4509684137318        368.5385492320567        372.59249579805305       371.06072930417184
91                        369.62455789964935       374.5256665419855        366.80536734808146       370.80135735187656       369.2617755868315
92                        367.9297790095033        372.6633266440798        365.1280684521269        369.06484855792473       367.52167404742863
93                        366.2859010627098        370.8639487200148        363.5066525441929        367.3829694161976        365.8404246859631
94                        364.69292405926893       369.12753276979026       361.9411196242796        365.7557199266952        364.2180275024351
95                        363.15084799918077       367.45407879340644       360.4314696923869        364.18310008941734       362.65448249684454
96                        361.64073497378376       365.81511122039865       358.9536290673643        362.6428304550357        361.12359796979547
97                        360.1358332020052        364.17040532265094       357.47359115116166       361.1034389660218        359.5883754004535
98                        358.6707485026129        362.57199537957774       356.03534651643764       359.60563754043903       358.0966756808914
99                        357.2454808756072        361.01988139117896       354.6388951631927        358.14942617828746       356.64849881110905
100                       355.8600303209879        359.5140633574547        353.2842370914265        356.73480487956687       355.2438447911065
